-0.08211512 -0.02205485 0.27115479
-0.08205672 -0.02200167 0.27109453
-0.08202779 -0.02195011 0.27104461
-0.08198949 -0.02191950 0.27101192
-0.08199222 -0.02175399 0.27089846
-0.08193410 -0.02171956 0.27087185
-0.08189169 -0.02164643 0.27082539
-0.08196001 -0.02158987 0.27079684
-0.08191458 -0.02155646 0.27077866
-0.08201559 -0.02150173 0.27075106
-0.08210595 -0.02143938 0.27073520
-0.08205304 -0.02140451 0.27071056
-0.08212843 -0.02134516 0.27070051
-0.08208590 -0.02127453 0.27066323
-0.08210104 -0.02117024 0.27063727
-0.08206029 -0.02109377 0.27061647
-0.08199360 -0.02105089 0.27059916
-0.08191717 -0.02102825 0.27058193
-0.08185888 -0.02092874 0.27055988
-0.08180554 -0.02086914 0.27055052
-0.08185785 -0.02081200 0.27055061
-0.08178141 -0.02075231 0.27054229
-0.08192953 -0.02078978 0.27055845
-0.08186164 -0.02074080 0.27054852
-0.08178815 -0.02063656 0.27053836
-0.08186755 -0.02060100 0.27054369
-0.08177981 -0.02055858 0.27053705
-0.08186767 -0.02048382 0.27054366
-0.08610418 -0.02458622 0.27406418
-0.08607749 -0.02455364 0.27403471
-0.08601641 -0.02448825 0.27396917
-0.08596366 -0.02446117 0.27394146
-0.08591445 -0.02438294 0.27388969
-0.08588618 -0.02434834 0.27387387
-0.08646380 -0.02491604 0.27435893
-0.08641094 -0.02486526 0.27430758
-0.08639707 -0.02481018 0.27426073
-0.08633796 -0.02475453 0.27421910
-0.08627648 -0.02470900 0.27418447
-0.08623713 -0.02466095 0.27414310
-0.08601087 -0.02434843 0.27388144
-0.08596218 -0.02429139 0.27385309
-0.08589318 -0.02422212 0.27382463
-0.08585331 -0.02416118 0.27380678
-0.08777782 -0.02741798 0.27761120
-0.08773599 -0.02736071 0.27756661
-0.08667149 -0.02508033 0.27454370
-0.08665549 -0.02504331 0.27450740
-0.08660872 -0.02497431 0.27443686
-0.08657626 -0.02491633 0.27437356
-0.08654054 -0.02489219 0.27433991
-0.08651787 -0.02482852 0.27427667
-0.08645257 -0.02477470 0.27424046
-0.08598568 -0.02417829 0.27382180
-0.08593868 -0.02411658 0.27380526
-0.08586329 -0.02405891 0.27378473
-0.08580758 -0.02401084 0.27376947
-0.08850773 -0.02832209 0.27855018
-0.08847041 -0.02826572 0.27848482
-0.08845343 -0.02822669 0.27843344
-0.08842297 -0.02816891 0.27836978
-0.08841058 -0.02813393 0.27832788
-0.08798718 -0.02753116 0.27771434
-0.08794633 -0.02747440 0.27766624
-0.08794047 -0.02741516 0.27761853
-0.08767793 -0.02715368 0.27741453
-0.08761990 -0.02713289 0.27740452
-0.08698126 -0.02537418 0.27490830
-0.08695474 -0.02531925 0.27484378
-0.08693168 -0.02527354 0.27478418
-0.08688874 -0.02523204 0.27472025
-0.08686084 -0.02519076 0.27467164
-0.08683043 -0.02513357 0.27462113
-0.08677769 -0.02508830 0.27457020
-0.08588552 -0.02396638 0.27377525
-0.08581436 -0.02390296 0.27375975
-0.08896698 -0.02921917 0.27986041
-0.08892371 -0.02913379 0.27973321
-0.08890992 -0.02907488 0.27965155
-0.08890307 -0.02903231 0.27959508
-0.08886771 -0.02899698 0.27953485
-0.08887835 -0.02894812 0.27946898
-0.08882638 -0.02889925 0.27939129
-0.08881359 -0.02884913 0.27931818
-0.08881772 -0.02880774 0.27925500
-0.08876509 -0.02875981 0.27917165
-0.08880297 -0.02870380 0.27909997
-0.08875567 -0.02865826 0.27902472
-0.08872694 -0.02862386 0.27896976
-0.08872583 -0.02857459 0.27889556
-0.08872357 -0.02852315 0.27881810
-0.08870318 -0.02848970 0.27877241
-0.08867710 -0.02841651 0.27868271
-0.08866547 -0.02836471 0.27862036
-0.08862815 -0.02832487 0.27857119
-0.08858050 -0.02829012 0.27852669
-0.08856675 -0.02823589 0.27846077
-0.08854707 -0.02819519 0.27840856
-0.08851242 -0.02812741 0.27832875
-0.08850084 -0.02809103 0.27828357
-0.08847525 -0.02804614 0.27823091
-0.08843242 -0.02799121 0.27816635
-0.08841998 -0.02795185 0.27812478
-0.08836149 -0.02788084 0.27805424
-0.08831923 -0.02784803 0.27801579
-0.08829025 -0.02780932 0.27797216
-0.08828354 -0.02775259 0.27791765
-0.08824139 -0.02768335 0.27785215
-0.08819439 -0.02764965 0.27781618
-0.08815958 -0.02758394 0.27775431
-0.08813598 -0.02754782 0.27772647
-0.08807101 -0.02749073 0.27767515
-0.08769926 -0.02705821 0.27738082
-0.08719046 -0.02551914 0.27511650
-0.08714767 -0.02542416 0.27498868
-0.08709704 -0.02538124 0.27492556
-0.08583488 -0.02380449 0.27376434
-0.08910077 -0.02927076 0.27996612
-0.08908071 -0.02924294 0.27991703
-0.08906648 -0.02918182 0.27982843
-0.08894676 -0.02900468 0.27956671
-0.08883426 -0.02852338 0.27884260
-0.08879717 -0.02848976 0.27878669
-0.08839311 -0.02779808 0.27797976
-0.08824943 -0.02756474 0.27775314
-0.08779479 -0.02699866 0.27738526
-0.08774461 -0.02696642 0.27737480
-0.08748303 -0.02583070 0.27557012
-0.08738670 -0.02570238 0.27538779
-0.08738584 -0.02567080 0.27534068
-0.08579622 -0.02368090 0.27377057
-0.08781531 -0.02690342 0.27737483
-0.08763694 -0.02595356 0.27573946
-0.08762562 -0.02589864 0.27566653
-0.08759686 -0.02584222 0.27559587
-0.08757538 -0.02580485 0.27553898
-0.08787972 -0.02683664 0.27737588
-0.08787668 -0.02615572 0.27608439
-0.08785690 -0.02611086 0.27601537
-0.08782133 -0.02608611 0.27595216
-0.08780373 -0.02605659 0.27589506
-0.08776782 -0.02601045 0.27582666
-0.08773794 -0.02596413 0.27576312
-0.08797230 -0.02618122 0.27613494
-0.08428111 -0.02251534 0.27321333
-0.08433607 -0.02255774 0.27338719
-0.08434570 -0.02259133 0.27350676
-0.08416639 -0.02247890 0.27304697
-0.08431567 -0.02261204 0.27361667
-0.08313542 -0.02238712 0.27232289
-0.08430097 -0.02260767 0.27374959
-0.08387252 -0.02239629 0.27268168
-0.08377939 -0.02239260 0.27263495
-0.08906645 -0.02957151 0.28046441
-0.08913902 -0.02942892 0.28021872
-0.08911441 -0.02947584 0.28029710
-0.08903560 -0.02951991 0.28035814
-0.08912302 -0.02937745 0.28013220
-0.08908025 -0.02942785 0.28020027
-0.08907972 -0.02931503 0.28002605
-0.08904092 -0.02935841 0.28008020
-0.08907128 -0.02921964 0.27988073
-0.08901786 -0.02927339 0.27994379
-0.08902150 -0.02916975 0.27980193
-0.08899872 -0.02921394 0.27985594
-0.08897831 -0.02910566 0.27970895
-0.08894498 -0.02903942 0.27961481
-0.08892443 -0.02893500 0.27946737
-0.08890747 -0.02899573 0.27954245
-0.08887807 -0.02887477 0.27937338
-0.08886157 -0.02892612 0.27943647
-0.08885695 -0.02882303 0.27929184
-0.08884936 -0.02872222 0.27913892
-0.08882073 -0.02877389 0.27920437
-0.08882300 -0.02864379 0.27901912
-0.08881902 -0.02867215 0.27905917
-0.08876052 -0.02871062 0.27909997
-0.08880204 -0.02856927 0.27890310
-0.08875208 -0.02862457 0.27897543
-0.08874854 -0.02850391 0.27879572
-0.08870218 -0.02855092 0.27885738
-0.08873530 -0.02840697 0.27868125
-0.08869666 -0.02844701 0.27872244
-0.08866176 -0.02850440 0.27879053
-0.08864000 -0.02838997 0.27864400
-0.08860615 -0.02843811 0.27869779
-0.08858761 -0.02831611 0.27855495
-0.08853929 -0.02802695 0.27822128
-0.08854773 -0.02807761 0.27827996
-0.08847672 -0.02796224 0.27814254
-0.08845206 -0.02801846 0.27819896
-0.08842168 -0.02806494 0.27824637
-0.08841069 -0.02788039 0.27806094
-0.08835028 -0.02794351 0.27811578
-0.08835934 -0.02775947 0.27793476
-0.08832987 -0.02782018 0.27798888
-0.08829367 -0.02786991 0.27803692
-0.08828238 -0.02769668 0.27786848
-0.08824617 -0.02773274 0.27789599
-0.08820943 -0.02754545 0.27773300
-0.08820724 -0.02760639 0.27777708
-0.08815560 -0.02766417 0.27783105
-0.08813013 -0.02747789 0.27767077
-0.08811632 -0.02751615 0.27769908
-0.08810063 -0.02758620 0.27775604
-0.08802108 -0.02744519 0.27764556
-0.08800742 -0.02750061 0.27768791
-0.08333623 -0.02238318 0.27240068
-0.08791451 -0.02622545 0.27619150
-0.08792119 -0.02612922 0.27605101
-0.08787183 -0.02608079 0.27596673
-0.08783582 -0.02611694 0.27602008
-0.08782990 -0.02602333 0.27586001
-0.08780064 -0.02607552 0.27592459
-0.08776802 -0.02596974 0.27577937
-0.08771275 -0.02600593 0.27581698
-0.08768046 -0.02594666 0.27573329
-0.08767730 -0.02599408 0.27580458
-0.08760431 -0.02588182 0.27564353
-0.08754732 -0.02583018 0.27556390
-0.08743032 -0.02569139 0.27537480
-0.08740295 -0.02574211 0.27545601
-0.08733632 -0.02568380 0.27534604
-0.08727606 -0.02563075 0.27526841
-0.08724937 -0.02565937 0.27530718
-0.08722100 -0.02556633 0.27518314
-0.08712798 -0.02550090 0.27507728
-0.08323549 -0.02238747 0.27236176
-0.08711208 -0.02538707 0.27493501
-0.08702444 -0.02531314 0.27484271
-0.08700363 -0.02536127 0.27489483
-0.08193926 -0.02184033 0.27094278
-0.08196538 -0.02175630 0.27089682
-0.08696379 -0.02524734 0.27475485
-0.08692470 -0.02529386 0.27481043
-0.08690631 -0.02517665 0.27466956
-0.08684641 -0.02523810 0.27472562
-0.08677009 -0.02515831 0.27463540
-0.08671476 -0.02503031 0.27450478
-0.08671416 -0.02508903 0.27455825
-0.08661094 -0.02501656 0.27447832
-0.08660402 -0.02488015 0.27435017
-0.08654848 -0.02494302 0.27439699
-0.08261706 -0.02239273 0.27187794
-0.08271109 -0.02238541 0.27194771
-0.08650322 -0.02479634 0.27425581
-0.08647127 -0.02488231 0.27431980
-0.08637834 -0.02472525 0.27420431
-0.08635931 -0.02477411 0.27423346
-0.08624016 -0.02469503 0.27416834
-0.08294437 -0.02238605 0.27220306
-0.08616444 -0.02460625 0.27408981
-0.08617058 -0.02466981 0.27414018
-0.08312260 -0.02237980 0.27220151
-0.08193395 -0.02177079 0.27090156
-0.08192278 -0.02189379 0.27098370
-0.08200158 -0.02186396 0.27096853
-0.08198823 -0.02196783 0.27105221
-0.08206261 -0.02207705 0.27116725
-0.08213536 -0.02212683 0.27123269
-0.08219989 -0.02219732 0.27133098
-0.08223500 -0.02225501 0.27142474
-0.08227300 -0.02229772 0.27151009
-0.08222028 -0.02234351 0.27159616
-0.08230683 -0.02233494 0.27159262
-0.08224571 -0.02237457 0.27168277
-0.08233587 -0.02236482 0.27166820
-0.08242472 -0.02235362 0.27167094
-0.08227262 -0.02239341 0.27174833
-0.08234717 -0.02238918 0.27174729
-0.08244478 -0.02238160 0.27175388
-0.08245751 -0.02239879 0.27183673
-0.08256289 -0.02239087 0.27184334
-0.08258453 -0.02239916 0.27192134
-0.08266796 -0.02238739 0.27190328
-0.08264792 -0.02239401 0.27199155
-0.08273763 -0.02238506 0.27199870
-0.08278128 -0.02238686 0.27207720
-0.08285723 -0.02238543 0.27205804
-0.08286951 -0.02238587 0.27215189
-0.08297252 -0.02238524 0.27215597
-0.08304711 -0.02238212 0.27219060
-0.08309405 -0.02238549 0.27225113
-0.08316106 -0.02238069 0.27224427
-0.08320265 -0.02238452 0.27231714
-0.08328152 -0.02237571 0.27232051
-0.08327503 -0.02238838 0.27239728
-0.08339631 -0.02237579 0.27239162
-0.08345249 -0.02237298 0.27240166
-0.08340023 -0.02238884 0.27246234
-0.08349302 -0.02238435 0.27247840
-0.08358847 -0.02238086 0.27250716
-0.08360336 -0.02239919 0.27258506
-0.08369452 -0.02239406 0.27259934
-0.08383887 -0.02238918 0.27265120
-0.08382922 -0.02241506 0.27271914
-0.08387039 -0.02243053 0.27280158
-0.08396574 -0.02242610 0.27281925
-0.08399016 -0.02244571 0.27289537
-0.08408582 -0.02246983 0.27299142
-0.08422554 -0.02250244 0.27314556
-0.08426935 -0.02254920 0.27330077
-0.08426484 -0.02258134 0.27339134
-0.08429942 -0.02259715 0.27347222
-0.08432427 -0.02260455 0.27354884
-0.08429436 -0.02262009 0.27366444
-0.08187275 -0.02174294 0.27088141
-0.08193005 -0.02180595 0.27091932
-0.08194218 -0.02194317 0.27102542
-0.08200038 -0.02199841 0.27108100
-0.08207449 -0.02203268 0.27112535
-0.08229296 -0.02238544 0.27171293
-0.08650552 -0.02485848 0.27429676
-0.08653060 -0.02497295 0.27442735
-0.08706357 -0.02545716 0.27500477
-0.08423807 -0.02262400 0.27370504
-0.08426358 -0.02261475 0.27376500
-0.08727279 -0.02568047 0.27533272
-0.08734014 -0.02570254 0.27537662
-0.08426167 -0.02260903 0.27383122
-0.08731050 -0.02575395 0.27545688
-0.08738077 -0.02578830 0.27551991
-0.08746687 -0.02580753 0.27554849
-0.08421067 -0.02261002 0.27389303
-0.08427495 -0.02259625 0.27394706
-0.08775860 -0.02605781 0.27588475
-0.08783862 -0.02606841 0.27593005
-0.08780463 -0.02611696 0.27600998
-0.08786849 -0.02612857 0.27604514
-0.08794916 -0.02615453 0.27608585
-0.08790807 -0.02618551 0.27612761
-0.08793724 -0.02627114 0.27627650
-0.08801099 -0.02629306 0.27632639
-0.08790226 -0.02633351 0.27635172
-0.08798023 -0.02634869 0.27637646
-0.08804186 -0.02634875 0.27642792
-0.08793569 -0.02639360 0.27647686
-0.08790769 -0.02640822 0.27655038
-0.08794550 -0.02639790 0.27657834
-0.08810208 -0.02636794 0.27665636
-0.08813005 -0.02635133 0.27676764
-0.08784790 -0.02739042 0.27759784
-0.08791384 -0.02744722 0.27763960
-0.08798525 -0.02748022 0.27767324
-0.08807860 -0.02754625 0.27772272
-0.08814539 -0.02761046 0.27777588
-0.08823343 -0.02764816 0.27781922
-0.08819892 -0.02773125 0.27789545
-0.08833038 -0.02788680 0.27805990
-0.08841474 -0.02792135 0.27809724
-0.08837963 -0.02800338 0.27817973
-0.08843850 -0.02803819 0.27821979
-0.08840893 -0.02810285 0.27828839
-0.08846141 -0.02811945 0.27831247
-0.08854402 -0.02815490 0.27836636
-0.08843014 -0.02819977 0.27840307
-0.08850906 -0.02822756 0.27843881
-0.08855282 -0.02832315 0.27855736
-0.08863232 -0.02835709 0.27860329
-0.08859474 -0.02841539 0.27866718
-0.08865037 -0.02844206 0.27871123
-0.08874737 -0.02846186 0.27874395
-0.08862873 -0.02849834 0.27877995
-0.08868841 -0.02852321 0.27881697
-0.08876853 -0.02853865 0.27884519
-0.08873964 -0.02860363 0.27894217
-0.08880570 -0.02861191 0.27896881
-0.08871926 -0.02864248 0.27899688
-0.08878651 -0.02867565 0.27905568
-0.08885363 -0.02869054 0.27909553
-0.08881350 -0.02874038 0.27915400
-0.08877370 -0.02879294 0.27922142
-0.08886193 -0.02880732 0.27926973
-0.08882488 -0.02887528 0.27935740
-0.08887837 -0.02889853 0.27940503
-0.08891887 -0.02896947 0.27951041
-0.08889290 -0.02901683 0.27957037
-0.08895694 -0.02905863 0.27964443
-0.08891927 -0.02911147 0.27970135
-0.08900255 -0.02912117 0.27973548
-0.08896022 -0.02918182 0.27980727
-0.08903527 -0.02920300 0.27984855
-0.08898202 -0.02924916 0.27990484
-0.08906171 -0.02928325 0.27996904
-0.08900925 -0.02932586 0.28002346
-0.08910081 -0.02934797 0.28008300
-0.08905105 -0.02939648 0.28014243
-0.08911591 -0.02940721 0.28017512
-0.08908109 -0.02945902 0.28025690
-0.08906333 -0.02949344 0.28031579
-0.08900301 -0.02955390 0.28041220
-0.08908727 -0.02954169 0.28041470
-0.08897292 -0.02959536 0.28048500
-0.08905269 -0.02960104 0.28051648
-0.08901191 -0.02963357 0.28057787
-0.08908280 -0.02963616 0.28063077
-0.08911291 -0.02964623 0.28073406
-0.08917235 -0.02963338 0.28077534
-0.08905711 -0.02965496 0.28078601
-0.08913555 -0.02963449 0.28086340
-0.08918718 -0.02961478 0.28091863
-0.08913334 -0.02962449 0.28097379
-0.08922536 -0.02959961 0.28100443
-0.08794229 -0.02613874 0.27606365
-0.08764458 -0.02586312 0.27563301
-0.08768306 -0.02591581 0.27569711
-0.08771022 -0.02596225 0.27575755
-0.08772977 -0.02601402 0.27582598
-0.08774463 -0.02606580 0.27589712
-0.08779683 -0.02609634 0.27596304
-0.08781882 -0.02613105 0.27603826
-0.08785141 -0.02617222 0.27610061
-0.08752418 -0.02578874 0.27551487
-0.08753727 -0.02585183 0.27559876
-0.08847893 -0.02792881 0.27811459
-0.08850201 -0.02799676 0.27818233
-0.08852802 -0.02805765 0.27825055
-0.08728787 -0.02559429 0.27522406
-0.08732199 -0.02563885 0.27528504
-0.08734970 -0.02568947 0.27536005
-0.08735401 -0.02572953 0.27542669
-0.08742851 -0.02580565 0.27554622
-0.08832723 -0.02778727 0.27795437
-0.08836719 -0.02784727 0.27802169
-0.08836302 -0.02790793 0.27808091
-0.08837790 -0.02797557 0.27814841
-0.08840687 -0.02803088 0.27821013
-0.08844842 -0.02808809 0.27827355
-0.08847100 -0.02814976 0.27835017
-0.08848446 -0.02819261 0.27839693
-0.08852009 -0.02825616 0.27847785
-0.08714703 -0.02547280 0.27504551
-0.08714236 -0.02552265 0.27511042
-0.08724672 -0.02570823 0.27536917
-0.08819512 -0.02768830 0.27785617
-0.08822697 -0.02775744 0.27791718
-0.08825041 -0.02781403 0.27797621
-0.08695023 -0.02529374 0.27481368
-0.08697975 -0.02534636 0.27487725
-0.08678821 -0.02516710 0.27464491
-0.08780200 -0.02736511 0.27757812
-0.08783866 -0.02744011 0.27763036
-0.08649507 -0.02493328 0.27438125
-0.08769207 -0.02724226 0.27747950
-0.08771463 -0.02732896 0.27754381
-0.08770622 -0.02740747 0.27760002
-0.08636434 -0.02484557 0.27429047
-0.08204785 -0.02146222 0.27073485
-0.08196191 -0.02153254 0.27076545
-0.08197680 -0.02172525 0.27087951
-0.08198331 -0.02179993 0.27092397
-0.08203375 -0.02197439 0.27106607
-0.08185600 -0.02159186 0.27079776
-0.08188699 -0.02169094 0.27085024
-0.08189771 -0.02178271 0.27090502
-0.08833450 -0.02786640 0.27803662
-0.08827578 -0.02779132 0.27795315
-0.08826990 -0.02783653 0.27800152
-0.08828097 -0.02765065 0.27782857
-0.08823342 -0.02770954 0.27787539
-0.08816414 -0.02763472 0.27779999
-0.08802944 -0.02753584 0.27771521
-0.08797451 -0.02744317 0.27764288
-0.08794267 -0.02751498 0.27770039
-0.08789474 -0.02741164 0.27761331
-0.08788043 -0.02748257 0.27766857
-0.08781679 -0.02740378 0.27760431
-0.08775490 -0.02738650 0.27758551
-0.08771616 -0.02728741 0.27751654
-0.08776574 -0.02704032 0.27738681
-0.08772511 -0.02712439 0.27740559
-0.08766480 -0.02719493 0.27744216
-0.08770149 -0.02699722 0.27737242
-0.08764312 -0.02708437 0.27738282
-0.08765337 -0.02593674 0.27571523
-0.08760449 -0.02586711 0.27562732
-0.08752896 -0.02581493 0.27554098
-0.08738928 -0.02573064 0.27543470
-0.08735110 -0.02576856 0.27548698
-0.08735530 -0.02561975 0.27526650
-0.08732297 -0.02567043 0.27532506
-0.08729847 -0.02572496 0.27540299
-0.08729022 -0.02556714 0.27519307
-0.08723584 -0.02562273 0.27525324
-0.08719059 -0.02555129 0.27516147
-0.08709122 -0.02542319 0.27496949
-0.08703758 -0.02536213 0.27489656
-0.08690215 -0.02523920 0.27473080
-0.08688599 -0.02527834 0.27478439
-0.08684307 -0.02516917 0.27465236
-0.08682045 -0.02521231 0.27469274
-0.08680930 -0.02507856 0.27456787
-0.08676943 -0.02513363 0.27461135
-0.08670416 -0.02506071 0.27452931
-0.08667161 -0.02499987 0.27447152
-0.08660831 -0.02492810 0.27439451
-0.08655745 -0.02499193 0.27444899
-0.08656001 -0.02484805 0.27430731
-0.08650465 -0.02491392 0.27435836
-0.08646277 -0.02483480 0.27427584
-0.08640639 -0.02475341 0.27422372
-0.08634532 -0.02481559 0.27426362
-0.08633478 -0.02471864 0.27419713
-0.08629492 -0.02477971 0.27423635
-0.08146082 -0.02008070 0.27054760
-0.08155604 -0.02013493 0.27054510
-0.08623377 -0.02471108 0.27418002
-0.08153755 -0.02029897 0.27053136
-0.08161063 -0.02018389 0.27054232
-0.08157182 -0.02036414 0.27053037
-0.08167745 -0.02021590 0.27054432
-0.08618550 -0.02463795 0.27411634
-0.08166029 -0.02039841 0.27053180
-0.08173785 -0.02046975 0.27053517
-0.08180782 -0.02049619 0.27053839
-0.08604579 -0.02452504 0.27400500
-0.08181565 -0.02068023 0.27054155
-0.08188307 -0.02053419 0.27054426
-0.08604564 -0.02437597 0.27390346
-0.08601976 -0.02443815 0.27393445
-0.08180688 -0.02080055 0.27054590
-0.08188224 -0.02068013 0.27054873
-0.08187650 -0.02085522 0.27055517
-0.08600906 -0.02427434 0.27385429
-0.08596161 -0.02434736 0.27387482
-0.08592138 -0.02443212 0.27391768
-0.08190612 -0.02096469 0.27057078
-0.08194981 -0.02109857 0.27059591
-0.08592529 -0.02426386 0.27383941
-0.08201440 -0.02113897 0.27061424
-0.08183243 -0.02167092 0.27083853
-0.08191106 -0.02160297 0.27080300
-0.08192752 -0.02151604 0.27075717
-0.08200639 -0.02144196 0.27072102
-0.08205356 -0.02134303 0.27068433
-0.08192848 -0.02167910 0.27084678
-0.08201291 -0.02156246 0.27078331
-0.08207609 -0.02148972 0.27075267
-0.08582424 -0.02404827 0.27377832
-0.08581730 -0.02410147 0.27378932
-0.08150503 -0.01966343 0.27064148
-0.08158433 -0.01962270 0.27065560
-0.08166442 -0.01958164 0.27067342
-0.08174486 -0.01954009 0.27069288
-0.08182602 -0.01949723 0.27071482
-0.08152415 -0.01975266 0.27061722
-0.08160359 -0.01971165 0.27063057
-0.08168385 -0.01966979 0.27064687
-0.08176390 -0.01962911 0.27066505
-0.08184411 -0.01958799 0.27068514
-0.08146562 -0.01987870 0.27058458
-0.08154434 -0.01984012 0.27059624
-0.08162316 -0.01980044 0.27060926
-0.08170337 -0.01975839 0.27062458
-0.08142813 -0.02000449 0.27055952
-0.08148940 -0.01996309 0.27056894
-0.08156636 -0.01992435 0.27057946
-0.08164409 -0.01988654 0.27059180
-0.08172350 -0.01984620 0.27060613
-0.08151840 -0.02005607 0.27055472
-0.08158877 -0.02000993 0.27056685
-0.08151390 -0.02013029 0.27054319
-0.08161248 -0.02010361 0.27055398
-0.08155084 -0.02021649 0.27053666
-0.08164617 -0.02016642 0.27054688
-0.08159821 -0.02030545 0.27053380
-0.08164504 -0.02025636 0.27053863
-0.08162469 -0.02037243 0.27053186
-0.08168762 -0.02033720 0.27053708
-0.08170190 -0.02041008 0.27053386
-0.08177301 -0.02038069 0.27054104
-0.08181959 -0.02044209 0.27054101
-0.08184079 -0.02053521 0.27054039
-0.08555382 -0.02260316 0.27412406
-0.08557524 -0.02271000 0.27406567
-0.08557151 -0.02280552 0.27401081
-0.08559810 -0.02290050 0.27396101
-0.08559012 -0.02299181 0.27391544
-0.08561192 -0.02308878 0.27388307
-0.08564270 -0.02316930 0.27385947
-0.08565625 -0.02327358 0.27383474
-0.08571784 -0.02322814 0.27385837
-0.08565960 -0.02336780 0.27381131
-0.08568855 -0.02344943 0.27379295
-0.08575800 -0.02342868 0.27380726
-0.08570708 -0.02353699 0.27377951
-0.08578924 -0.02348197 0.27380303
-0.08572542 -0.02362184 0.27377135
-0.08581195 -0.02358094 0.27378923
-0.08573325 -0.02369788 0.27376354
-0.08585057 -0.02366817 0.27378136
-0.08577093 -0.02377656 0.27375829
-0.08584225 -0.02374365 0.27377036
-0.08579795 -0.02385066 0.27375770
-0.08582509 -0.02395734 0.27376446
-0.08588912 -0.02391562 0.27377263
-0.08585421 -0.02400922 0.27377561
-0.08589180 -0.02408846 0.27379438
-0.08593729 -0.02417134 0.27381518
-0.08588136 -0.02427208 0.27384099
-0.08597176 -0.02422799 0.27383402
-0.08591603 -0.02432116 0.27386096
-0.08600199 -0.02430996 0.27386522
-0.08597220 -0.02439966 0.27390265
-0.08687516 -0.02525248 0.27474642
-0.08692613 -0.02522078 0.27471507
-0.08697651 -0.02528335 0.27480310
-0.08701566 -0.02534174 0.27487224
-0.08705675 -0.02539209 0.27493066
-0.08711478 -0.02545300 0.27501103
-0.08716730 -0.02549714 0.27508166
-0.08784053 -0.02624464 0.27745631
-0.08785506 -0.02628061 0.27744588
-0.08779271 -0.02643309 0.27741945
-0.08785430 -0.02638883 0.27743426
-0.08780327 -0.02649329 0.27740353
-0.08786844 -0.02647631 0.27741548
-0.08782239 -0.02657965 0.27738455
-0.08791356 -0.02656624 0.27739948
-0.08778970 -0.02669562 0.27737007
-0.08785864 -0.02666078 0.27737558
-0.08792598 -0.02665497 0.27738452
-0.08773066 -0.02681800 0.27736899
-0.08780917 -0.02677969 0.27736902
-0.08788250 -0.02674827 0.27737406
-0.08768623 -0.02694618 0.27737093
-0.08775122 -0.02690060 0.27737197
-0.08781578 -0.02685779 0.27737156
-0.08792378 -0.02682274 0.27738035
-0.08773761 -0.02701372 0.27737749
-0.08781060 -0.02694417 0.27737993
-0.08786371 -0.02690593 0.27738082
-0.08767255 -0.02711456 0.27739352
-0.08777060 -0.02707862 0.27739826
-0.08771226 -0.02717123 0.27743137
-0.08764879 -0.02727694 0.27749717
-0.08847432 -0.02824837 0.27846318
-0.08855057 -0.02822605 0.27844402
-0.08853634 -0.02829267 0.27852267
-0.08858018 -0.02836603 0.27860731
-0.08865048 -0.02834342 0.27859315
-0.08863398 -0.02842089 0.27868012
-0.08868888 -0.02839049 0.27865386
-0.08865893 -0.02847314 0.27875045
-0.08551470 -0.02267018 0.27407643
-0.08552073 -0.02275194 0.27403152
-0.08558550 -0.02275761 0.27404201
-0.08556098 -0.02287124 0.27396938
-0.08556624 -0.02294314 0.27393296
-0.08562668 -0.02302925 0.27390915
-0.08561540 -0.02313895 0.27386487
-0.08566822 -0.02313210 0.27387917
-0.08561032 -0.02319345 0.27384692
-0.08567402 -0.02319613 0.27385810
-0.08573413 -0.02339446 0.27381176
-0.08709812 -0.02539718 0.27494180
-0.08788214 -0.02629733 0.27744150
-0.08782092 -0.02635719 0.27743888
-0.08791437 -0.02635727 0.27745146
-0.08782931 -0.02641719 0.27742603
-0.08788414 -0.02643477 0.27743018
-0.08787771 -0.02653009 0.27740243
-0.08788683 -0.02660336 0.27738687
-0.08793309 -0.02670227 0.27738070
-0.08793306 -0.02675846 0.27737921
-0.08902298 -0.02923327 0.27988738
-0.08899362 -0.02919558 0.27983132
-0.08897524 -0.02914332 0.27975702
-0.08893929 -0.02908738 0.27967471
-0.08889049 -0.02905470 0.27962142
-0.08708927 -0.02548582 0.27504888
-0.08703612 -0.02542942 0.27496836
-0.08701453 -0.02537963 0.27491572
-0.08699145 -0.02533127 0.27486047
-0.08694553 -0.02528576 0.27480310
-0.08691266 -0.02525071 0.27474928
-0.08687601 -0.02520961 0.27469340
-0.08715386 -0.02544870 0.27501789
-0.08712827 -0.02539299 0.27494812
-0.08792076 -0.02624767 0.27622890
-0.08786052 -0.02619455 0.27612847
-0.08784399 -0.02614747 0.27606821
-0.08783335 -0.02610189 0.27598953
-0.08799232 -0.02616607 0.27610764
-0.08423250 -0.02259821 0.27398753
-0.08427920 -0.02260158 0.27389240
-0.08906336 -0.02965533 0.28071228
-0.08908539 -0.02964382 0.28085110
-0.08913794 -0.02964130 0.28074870
-0.08914027 -0.02962738 0.28091118
-0.08918170 -0.02962884 0.28082126
-0.08918931 -0.02960958 0.28097525
-0.08917148 -0.02961982 0.28101379
-0.08813062 -0.02630713 0.27691504
-0.08805322 -0.02615396 0.27734700
-0.08810991 -0.02636658 0.27671024
-0.08810189 -0.02615926 0.27727884
-0.08804628 -0.02616555 0.27732310
-0.08801628 -0.02616668 0.27733043
-0.08912652 -0.02964429 0.28079194
-0.08798853 -0.02637515 0.27666014
-0.08810747 -0.02621910 0.27718419
-0.08817469 -0.02624175 0.27709594
-0.08797426 -0.02638381 0.27659333
-0.08816388 -0.02627554 0.27701271
-0.08915725 -0.02962660 0.28089088
-0.08921780 -0.02961341 0.28086528
-0.08757202 -0.02587165 0.27562821
-0.08762081 -0.02592992 0.27570295
-0.08767316 -0.02596842 0.27576768
-0.08770675 -0.02601846 0.27583119
-0.08776424 -0.02607515 0.27591622
-0.08735093 -0.02571082 0.27539283
-0.08749173 -0.02580420 0.27553740
-0.08780190 -0.02627046 0.27746651
-0.08790388 -0.02626354 0.27745122
-0.08782589 -0.02638950 0.27743253
-0.08790480 -0.02614989 0.27607805
-0.08788807 -0.02610337 0.27601057
-0.08787642 -0.02606191 0.27593824
-0.08919655 -0.02961021 0.28100726
-0.08715807 -0.02554168 0.27514184
-0.08720302 -0.02549174 0.27508548
-0.08722756 -0.02564568 0.27528679
-0.08723701 -0.02559347 0.27521655
-0.08725782 -0.02556009 0.27517912
-0.08730420 -0.02569794 0.27536020
-0.08728967 -0.02565787 0.27530357
-0.08732913 -0.02560601 0.27524498
-0.08782603 -0.02631399 0.27744585
-0.08791704 -0.02630647 0.27745390
-0.08779301 -0.02639075 0.27743208
-0.08788986 -0.02638643 0.27744082
-0.08804511 -0.02615413 0.27734864
-0.08807431 -0.02613766 0.27734572
-0.08816569 -0.02631180 0.27686971
-0.08812241 -0.02629379 0.27697355
-0.08819102 -0.02628131 0.27696523
-0.08813815 -0.02627136 0.27704751
-0.08819473 -0.02626099 0.27702925
-0.08813272 -0.02624443 0.27713421
-0.08814833 -0.02620033 0.27719405
-0.08774421 -0.02593876 0.27573782
-0.08772203 -0.02598626 0.27579251
-0.08781904 -0.02598524 0.27581301
-0.08772638 -0.02603606 0.27585259
-0.08777983 -0.02604111 0.27586487
-0.08786645 -0.02604192 0.27590463
-0.08778847 -0.02608723 0.27594218
-0.08778869 -0.02632429 0.27744946
-0.08786847 -0.02633693 0.27744082
-0.08783533 -0.02645228 0.27741659
-0.08804413 -0.02633615 0.27639368
-0.08800508 -0.02636691 0.27645421
-0.08795900 -0.02639298 0.27654609
-0.08798961 -0.02637458 0.27663171
-0.08915680 -0.02963554 0.28075123
-0.08917552 -0.02962474 0.28087166
-0.08910218 -0.02963279 0.28091243
-0.08816923 -0.02636304 0.27671027
-0.08804505 -0.02631741 0.27636331
-0.08798288 -0.02636852 0.27641642
-0.08804307 -0.02636663 0.27668321
-0.08814730 -0.02637074 0.27667451
-0.08813582 -0.02632072 0.27685750
-0.08820233 -0.02634599 0.27674881
-0.08813615 -0.02628333 0.27700448
-0.08815574 -0.02622877 0.27714530
-0.08719306 -0.02547038 0.27505788
-0.08717965 -0.02545322 0.27503318
-0.08920977 -0.02966017 0.28113443
-0.08921294 -0.02961915 0.28105772
-0.08788950 -0.02619658 0.27740750
-0.08784061 -0.02620626 0.27744654
-0.08788078 -0.02623299 0.27744633
-0.08818607 -0.02632379 0.27681944
