0.03551134 0.00663223 0.27800000
0.03551134 0.00706529 0.27800000
0.03551134 0.00749836 0.27800000
0.03551134 0.00793143 0.27800000
0.03551134 0.00836450 0.27800000
0.03551134 0.00879757 0.27800000
0.03551134 0.00923063 0.27800000
0.03551134 0.00966370 0.27800000
0.03507827 0.01009677 0.27800000
0.03507827 0.01052984 0.27800000
0.03507827 0.01096291 0.27800000
0.03507827 0.01139597 0.27800000
0.03507827 0.01182904 0.27800000
0.03507827 0.01226211 0.27800000
0.03520445 0.01274084 0.27900001
0.03563908 0.01317547 0.27900001
0.03563908 0.01361010 0.27900001
0.03520445 0.01404472 0.27900001
0.03520445 0.01447935 0.27900001
0.03476983 0.01491397 0.27900001
0.03433520 0.01534860 0.27900001
0.03445826 0.01583979 0.28000000
0.03445826 0.01627598 0.28000000
0.03445826 0.01671216 0.28000000
0.03445826 0.01714835 0.28000000
0.03445826 0.01758453 0.28000000
0.03445826 0.01802071 0.28000000
0.03489445 0.01845690 0.28000000
0.03489445 0.01889308 0.28000000
0.03433520 0.01926023 0.27900001
0.03402208 0.01976545 0.28000000
0.03445826 0.01976545 0.28000000
0.03489445 0.01932926 0.28000000
0.03489445 0.01889308 0.28000000
0.03489445 0.01845690 0.28000000
0.03445826 0.01802071 0.28000000
0.03445826 0.01758453 0.28000000
0.03445826 0.01714835 0.28000000
0.03445826 0.01671216 0.28000000
0.03445826 0.01627598 0.28000000
0.03445826 0.01583979 0.28000000
0.03476983 0.01534860 0.27900001
0.03520445 0.01491397 0.27900001
0.03520445 0.01447935 0.27900001
0.03520445 0.01404472 0.27900001
0.03563908 0.01361010 0.27900001
0.03563908 0.01317547 0.27900001
0.03520445 0.01274084 0.27900001
0.03507827 0.01226211 0.27800000
0.03507827 0.01182904 0.27800000
0.03507827 0.01139597 0.27800000
0.03507827 0.01096291 0.27800000
0.03507827 0.01052984 0.27800000
0.03507827 0.01009677 0.27800000
0.03551134 0.00966370 0.27800000
0.03551134 0.00923063 0.27800000
0.03551134 0.00879757 0.27800000
0.03551134 0.00836450 0.27800000
0.03551134 0.00793143 0.27800000
0.03551134 0.00749836 0.27800000
0.03551134 0.00706529 0.27800000
0.03551134 0.00663223 0.27800000
