0.03462962 -0.00873982 0.28500000
0.03507359 -0.00829584 0.28500000
0.03551756 -0.00785187 0.28500000
0.03583536 -0.00738191 0.28400001
0.03583536 -0.00693949 0.28400001
0.03570918 -0.00647420 0.28299999
0.03558299 -0.00601202 0.28200001
0.03526832 -0.00559248 0.28299999
0.03514370 -0.00513342 0.28200001
0.03501907 -0.00467748 0.28099999
0.03501907 -0.00423974 0.28099999
0.03501907 -0.00380200 0.28099999
0.03533063 -0.00335228 0.28000000
0.03576681 -0.00291610 0.28000000
0.03576681 -0.00247992 0.28000000
0.03576681 -0.00204373 0.28000000
0.03607370 -0.00160181 0.27900001
0.03576681 -0.00117136 0.28000000
0.03563908 -0.00073256 0.27900001
0.03563908 -0.00029793 0.27900001
0.03563908 0.00013670 0.27900001
0.03563908 0.00057132 0.27900001
0.03551134 0.00100234 0.27800000
0.03551134 0.00143541 0.27800000
0.03551134 0.00186848 0.27800000
0.03551134 0.00230155 0.27800000
0.03551134 0.00273461 0.27800000
0.03551134 0.00316768 0.27800000
0.03551134 0.00316768 0.27800000
0.03551134 0.00273461 0.27800000
0.03551134 0.00230155 0.27800000
0.03551134 0.00186848 0.27800000
0.03551134 0.00143541 0.27800000
0.03551134 0.00100234 0.27800000
0.03563908 0.00057132 0.27900001
0.03563908 0.00013670 0.27900001
0.03563908 -0.00029793 0.27900001
0.03563908 -0.00073256 0.27900001
0.03576681 -0.00117136 0.28000000
0.03607370 -0.00160181 0.27900001
0.03576681 -0.00204373 0.28000000
0.03576681 -0.00247992 0.28000000
0.03576681 -0.00291610 0.28000000
0.03576681 -0.00335228 0.28000000
0.03533063 -0.00378847 0.28000000
0.03501907 -0.00423974 0.28099999
0.03501907 -0.00467748 0.28099999
0.03514370 -0.00513342 0.28200001
0.03526832 -0.00559248 0.28299999
0.03558299 -0.00601202 0.28200001
0.03570918 -0.00647420 0.28299999
0.03583536 -0.00693949 0.28400001
0.03583536 -0.00738191 0.28400001
0.03583536 -0.00782432 0.28400001
0.03551756 -0.00829584 0.28500000
0.03507359 -0.00873982 0.28500000
0.03551134 0.00663223 0.27800000
0.03551134 0.00706529 0.27800000
0.03551134 0.00749836 0.27800000
0.03551134 0.00793143 0.27800000
0.03551134 0.00836450 0.27800000
0.03551134 0.00879757 0.27800000
0.03551134 0.00923063 0.27800000
0.03551134 0.00966370 0.27800000
0.03507827 0.01009677 0.27800000
0.03507827 0.01052984 0.27800000
0.03507827 0.01096291 0.27800000
0.03507827 0.01139597 0.27800000
0.03507827 0.01182904 0.27800000
0.03507827 0.01226211 0.27800000
0.03520445 0.01274084 0.27900001
0.03563908 0.01317547 0.27900001
0.03563908 0.01361010 0.27900001
0.03520445 0.01404472 0.27900001
0.03520445 0.01447935 0.27900001
0.03476983 0.01491397 0.27900001
0.03433520 0.01534860 0.27900001
0.03445826 0.01583979 0.28000000
0.03445826 0.01627598 0.28000000
0.03445826 0.01671216 0.28000000
0.03445826 0.01714835 0.28000000
0.03445826 0.01758453 0.28000000
0.03445826 0.01802071 0.28000000
0.03489445 0.01845690 0.28000000
0.03489445 0.01889308 0.28000000
0.03433520 0.01926023 0.27900001
0.03402208 0.01976545 0.28000000
0.03445826 0.01976545 0.28000000
0.03489445 0.01932926 0.28000000
0.03489445 0.01889308 0.28000000
0.03489445 0.01845690 0.28000000
0.03445826 0.01802071 0.28000000
0.03445826 0.01758453 0.28000000
0.03445826 0.01714835 0.28000000
0.03445826 0.01671216 0.28000000
0.03445826 0.01627598 0.28000000
0.03445826 0.01583979 0.28000000
0.03476983 0.01534860 0.27900001
0.03520445 0.01491397 0.27900001
0.03520445 0.01447935 0.27900001
0.03520445 0.01404472 0.27900001
0.03563908 0.01361010 0.27900001
0.03563908 0.01317547 0.27900001
0.03520445 0.01274084 0.27900001
0.03507827 0.01226211 0.27800000
0.03507827 0.01182904 0.27800000
0.03507827 0.01139597 0.27800000
0.03507827 0.01096291 0.27800000
0.03507827 0.01052984 0.27800000
0.03507827 0.01009677 0.27800000
0.03551134 0.00966370 0.27800000
0.03551134 0.00923063 0.27800000
0.03551134 0.00879757 0.27800000
0.03551134 0.00836450 0.27800000
0.03551134 0.00793143 0.27800000
0.03551134 0.00749836 0.27800000
0.03551134 0.00706529 0.27800000
0.03551134 0.00663223 0.27800000
