-0.08446506 -0.03956712 0.29176944
-0.08449456 -0.03951596 0.29162675
-0.0844982 -0.03948032 0.29153222
-0.08452716 -0.03943256 0.29143092
-0.08453588 -0.03937313 0.29130894
-0.08452427 -0.03932494 0.29120439
-0.08454877 -0.03926885 0.29110777
-0.08451224 -0.03922971 0.29103476
-0.08465936 -0.03946291 0.29151461
-0.08463495 -0.03917024 0.29096583
-0.08464236 -0.03913102 0.2909008
-0.08462381 -0.03909431 0.29084244
-0.08470192 -0.03898574 0.29071966
-0.08480553 -0.03893388 0.29067084
-0.08488418 -0.03883829 0.29058123
-0.08498134 -0.03873781 0.29049274
-0.0854324 -0.03801515 0.29015255
-0.08555215 -0.03759198 0.28998369
-0.08787873 -0.03628756 0.28759471
-0.0880115 -0.03623953 0.28754506
-0.08800401 -0.03620656 0.2874735
-0.08799058 -0.03615669 0.28738421
-0.08810423 -0.03614376 0.28739592
-0.08811403 -0.03609808 0.28731772
-0.08838788 -0.03584066 0.2869496
-0.08840469 -0.03577266 0.28686175
-0.0884706 -0.03566822 0.28675693
-0.08851987 -0.03546262 0.28652507
-0.08860454 -0.03542954 0.28650463
-0.08859611 -0.03536484 0.28642491
-0.08869183 -0.03531388 0.2863923
-0.08867367 -0.03526923 0.28633276
-0.08875083 -0.03516892 0.28624296
-0.08880562 -0.03506788 0.28614953
-0.08888216 -0.03496369 0.2860522
-0.0888589 -0.03493338 0.28601485
-0.08892617 -0.03482952 0.28591526
-0.08891868 -0.03477224 0.28585148
-0.08899078 -0.0346694 0.28575134
-0.08906075 -0.03456994 0.28564227
-0.08211512 -0.02205485 0.27115479
-0.08205672 -0.02200167 0.27109453
-0.08202779 -0.02195011 0.27104461
-0.08198949 -0.0219195 0.27101192
-0.08199222 -0.02175399 0.27089846
-0.0819341 -0.02171956 0.27087185
-0.08189169 -0.02164643 0.27082539
-0.08196001 -0.02158987 0.27079684
-0.08191458 -0.02155646 0.27077866
-0.08201559 -0.02150173 0.27075106
-0.08210595 -0.02143938 0.2707352
-0.08205304 -0.02140451 0.27071056
-0.08212843 -0.02134516 0.27070051
-0.0820859 -0.02127453 0.27066323
-0.08210104 -0.02117024 0.27063727
-0.08206029 -0.02109377 0.27061647
-0.0819936 -0.02105089 0.27059916
-0.08191717 -0.02102825 0.27058193
-0.08185888 -0.02092874 0.27055988
-0.08180554 -0.02086914 0.27055052
-0.08185785 -0.020812 0.27055061
-0.08178141 -0.02075231 0.27054229
-0.08192953 -0.02078978 0.27055845
-0.08186164 -0.0207408 0.27054852
-0.08178815 -0.02063656 0.27053836
-0.08186755 -0.020601 0.27054369
-0.08177981 -0.02055858 0.27053705
-0.08186767 -0.02048382 0.27054366
-0.08964649 -0.03278616 0.28400224
-0.08963105 -0.03273161 0.28391701
-0.08964194 -0.03268597 0.2838496
-0.08961443 -0.03264137 0.2837722
-0.089741 -0.03223366 0.28324965
-0.08961983 -0.03143799 0.28224364
-0.08960117 -0.03138345 0.28217781
-0.0895874 -0.03133453 0.28211254
-0.08948433 -0.03112456 0.28186858
-0.0894643 -0.03108359 0.28182045
-0.08941944 -0.03101772 0.28174344
-0.0893871 -0.0309714 0.2816866
-0.08937066 -0.03076279 0.28147343
-0.08610418 -0.02458622 0.27406418
-0.08607749 -0.02455364 0.27403471
-0.08601641 -0.02448825 0.27396917
-0.08596366 -0.02446117 0.27394146
-0.08591445 -0.02438294 0.27388969
-0.08588618 -0.02434834 0.27387387
-0.0864638 -0.02491604 0.27435893
-0.08641094 -0.02486526 0.27430758
-0.08639707 -0.02481018 0.27426073
-0.08633796 -0.02475453 0.2742191
-0.08627648 -0.024709 0.27418447
-0.08623713 -0.02466095 0.2741431
-0.08601087 -0.02434843 0.27388144
-0.08596218 -0.02429139 0.27385309
-0.08589318 -0.02422212 0.27382463
-0.08585331 -0.02416118 0.27380678
-0.08777782 -0.02741798 0.2776112
-0.08773599 -0.02736071 0.27756661
-0.08667149 -0.02508033 0.2745437
-0.08665549 -0.02504331 0.2745074
-0.08660872 -0.02497431 0.27443686
-0.08657626 -0.02491633 0.27437356
-0.08654054 -0.02489219 0.27433991
-0.08651787 -0.02482852 0.27427667
-0.08645257 -0.0247747 0.27424046
-0.08598568 -0.02417829 0.2738218
-0.08593868 -0.02411658 0.27380526
-0.08586329 -0.02405891 0.27378473
-0.08580758 -0.02401084 0.27376947
-0.08850773 -0.02832209 0.27855018
-0.08847041 -0.02826572 0.27848482
-0.08845343 -0.02822669 0.27843344
-0.08842297 -0.02816891 0.27836978
-0.08841058 -0.02813393 0.27832788
-0.08798718 -0.02753116 0.27771434
-0.08794633 -0.0274744 0.27766624
-0.08794047 -0.02741516 0.27761853
-0.08767793 -0.02715368 0.27741453
-0.0876199 -0.02713289 0.27740452
-0.08698126 -0.02537418 0.2749083
-0.08695474 -0.02531925 0.27484378
-0.08693168 -0.02527354 0.27478418
-0.08688874 -0.02523204 0.27472025
-0.08686084 -0.02519076 0.27467164
-0.08683043 -0.02513357 0.27462113
-0.08677769 -0.0250883 0.2745702
-0.08588552 -0.02396638 0.27377525
-0.08581436 -0.02390296 0.27375975
-0.08896698 -0.02921917 0.27986041
-0.08892371 -0.02913379 0.27973321
-0.08890992 -0.02907488 0.27965155
-0.08890307 -0.02903231 0.27959508
-0.08886771 -0.02899698 0.27953485
-0.08887835 -0.02894812 0.27946898
-0.08882638 -0.02889925 0.27939129
-0.08881359 -0.02884913 0.27931818
-0.08881772 -0.02880774 0.279255
-0.08876509 -0.02875981 0.27917165
-0.08880297 -0.0287038 0.27909997
-0.08875567 -0.02865826 0.27902472
-0.08872694 -0.02862386 0.27896976
-0.08872583 -0.02857459 0.27889556
-0.08872357 -0.02852315 0.2788181
-0.08870318 -0.0284897 0.27877241
-0.0886771 -0.02841651 0.27868271
-0.08866547 -0.02836471 0.27862036
-0.08862815 -0.02832487 0.27857119
-0.0885805 -0.02829012 0.27852669
-0.08856675 -0.02823589 0.27846077
-0.08854707 -0.02819519 0.27840856
-0.08851242 -0.02812741 0.27832875
-0.08850084 -0.02809103 0.27828357
-0.08847525 -0.02804614 0.27823091
-0.08843242 -0.02799121 0.27816635
-0.08841998 -0.02795185 0.27812478
-0.08836149 -0.02788084 0.27805424
-0.08831923 -0.02784803 0.27801579
-0.08829025 -0.02780932 0.27797216
-0.08828354 -0.02775259 0.27791765
-0.08824139 -0.02768335 0.27785215
-0.08819439 -0.02764965 0.27781618
-0.08815958 -0.02758394 0.27775431
-0.08813598 -0.02754782 0.27772647
-0.08807101 -0.02749073 0.27767515
-0.08769926 -0.02705821 0.27738082
-0.08719046 -0.02551914 0.2751165
-0.08714767 -0.02542416 0.27498868
-0.08709704 -0.02538124 0.27492556
-0.08583488 -0.02380449 0.27376434
-0.08910077 -0.02927076 0.27996612
-0.08908071 -0.02924294 0.27991703
-0.08906648 -0.02918182 0.27982843
-0.08894676 -0.02900468 0.27956671
-0.08883426 -0.02852338 0.2788426
-0.08879717 -0.02848976 0.27878669
-0.08839311 -0.02779808 0.27797976
-0.08824943 -0.02756474 0.27775314
-0.08779479 -0.02699866 0.27738526
-0.08774461 -0.02696642 0.2773748
-0.08748303 -0.0258307 0.27557012
-0.0873867 -0.02570238 0.27538779
-0.08738584 -0.0256708 0.27534068
-0.08579622 -0.0236809 0.27377057
-0.08781531 -0.02690342 0.27737483
-0.08763694 -0.02595356 0.27573946
-0.08762562 -0.02589864 0.27566653
-0.08759686 -0.02584222 0.27559587
-0.08757538 -0.02580485 0.27553898
-0.08787972 -0.02683664 0.27737588
-0.08787668 -0.02615572 0.27608439
-0.0878569 -0.02611086 0.27601537
-0.08782133 -0.02608611 0.27595216
-0.08780373 -0.02605659 0.27589506
-0.08776782 -0.02601045 0.27582666
-0.08773794 -0.02596413 0.27576312
-0.0879723 -0.02618122 0.27613494
-0.08428111 -0.02251534 0.27321333
-0.08433607 -0.02255774 0.27338719
-0.0843457 -0.02259133 0.27350676
-0.08416639 -0.0224789 0.27304697
-0.08431567 -0.02261204 0.27361667
-0.08313542 -0.02238712 0.27232289
-0.08430097 -0.02260767 0.27374959
-0.08387252 -0.02239629 0.27268168
-0.08389196 -0.03977176 0.29295182
-0.08390435 -0.03976586 0.29282865
-0.08409151 -0.03973106 0.29260057
-0.08399651 -0.03974617 0.29267886
-0.08390051 -0.03976182 0.29274496
-0.08435028 -0.03968589 0.2923044
-0.08422878 -0.03970521 0.29238036
-0.08411273 -0.03972656 0.29249245
-0.08400086 -0.03974143 0.29254484
-0.08449234 -0.03964468 0.29209378
-0.08438336 -0.03966746 0.29217282
-0.08426783 -0.03968565 0.29224938
-0.08418567 -0.03970291 0.29231244
-0.08405756 -0.03972417 0.29241195
-0.08441351 -0.03963929 0.29204401
-0.08429721 -0.03966306 0.29212272
-0.08420141 -0.03968291 0.29219109
-0.08443532 -0.03960713 0.29192153
-0.08432969 -0.03963176 0.29198802
-0.08443688 -0.03958473 0.29182619
-0.08435065 -0.0395993 0.2918613
-0.08462612 -0.03948717 0.29156724
-0.08456232 -0.03950569 0.29161102
-0.0844348 -0.0395405 0.29168138
-0.08438634 -0.03957055 0.29176271
-0.08781438 -0.03649797 0.2882373
-0.08457061 -0.03946648 0.29151127
-0.08442086 -0.03950228 0.2915718
-0.08786963 -0.03649246 0.28813246
-0.08777521 -0.03650551 0.28818083
-0.08768898 -0.03651399 0.28824767
-0.08571967 -0.03689293 0.28966936
-0.08570526 -0.03697756 0.28970319
-0.08568046 -0.03711443 0.28975689
-0.08567722 -0.03718311 0.28978387
-0.0856718 -0.03725039 0.28981006
-0.08452103 -0.03940323 0.29136866
-0.08786926 -0.03647528 0.28801057
-0.08777648 -0.03649466 0.28806108
-0.08767703 -0.03650657 0.28813428
-0.08550892 -0.03767074 0.29001373
-0.0878737 -0.03641916 0.2878699
-0.0852946 -0.03830278 0.29025877
-0.085268 -0.03838034 0.29029861
-0.08454249 -0.03928673 0.29113844
-0.08377939 -0.0223926 0.27263495
-0.08784916 -0.03636998 0.28775868
-0.08519175 -0.03837267 0.29027149
-0.08515782 -0.03842112 0.2902928
-0.08515131 -0.03849736 0.29033381
-0.08510357 -0.0385676 0.2903668
-0.08506098 -0.03862855 0.29040727
-0.08467405 -0.03910375 0.29086706
-0.08461773 -0.03915543 0.29093453
-0.08452988 -0.03920079 0.29099262
-0.08806008 -0.03620061 0.28748414
-0.08798451 -0.03625477 0.28756642
-0.08791378 -0.03629292 0.28761259
-0.08784347 -0.03632818 0.28766558
-0.08478494 -0.03888611 0.29061767
-0.08474352 -0.03894379 0.29067406
-0.084678 -0.03899401 0.29072747
-0.08463314 -0.03904754 0.29078573
-0.0882755 -0.03598386 0.2871455
-0.08821212 -0.03603439 0.28721973
-0.08814558 -0.03607934 0.28729105
-0.08808419 -0.03611337 0.28733486
-0.08802977 -0.03615957 0.28739789
-0.08796658 -0.03620144 0.28745702
-0.08842918 -0.03573501 0.28682631
-0.08839033 -0.03579753 0.28688768
-0.08834981 -0.03584883 0.28694782
-0.08828937 -0.03589292 0.28700322
-0.08824506 -0.03595167 0.28707767
-0.08851048 -0.03558445 0.28666675
-0.08843701 -0.03561502 0.28668696
-0.08840884 -0.03567206 0.28674874
-0.08836634 -0.03572726 0.28680038
-0.08884568 -0.03502489 0.28611413
-0.08881268 -0.03509651 0.28618386
-0.08876631 -0.03513088 0.28620693
-0.08872673 -0.03519698 0.28626719
-0.08870269 -0.03523582 0.28630376
-0.08865333 -0.03530437 0.28636482
-0.08861488 -0.03534972 0.28640974
-0.08854622 -0.03539407 0.28644991
-0.0884557 -0.03552271 0.28658092
-0.08895563 -0.0347591 0.28584412
-0.08891643 -0.03480037 0.2858834
-0.08910019 -0.03446508 0.28553885
-0.08906077 -0.03453351 0.28559875
-0.08899636 -0.0345871 0.28565177
-0.08903535 -0.03441025 0.28547847
-0.08900798 -0.03444366 0.285503
-0.08959242 -0.03310208 0.28453559
-0.08900974 -0.03427034 0.28535813
-0.08962306 -0.03302193 0.28437588
-0.08958185 -0.03305838 0.28443593
-0.08958845 -0.0329713 0.2842724
-0.08962366 -0.03287853 0.28413433
-0.08955546 -0.0329205 0.28418505
-0.08964359 -0.03276777 0.28397441
-0.08957824 -0.03281562 0.28403339
-0.08965036 -0.03267826 0.28383902
-0.08961878 -0.03271283 0.28388503
-0.08974241 -0.03215681 0.283149
-0.08974613 -0.03205258 0.28300512
-0.08969861 -0.03210723 0.28307796
-0.08972587 -0.03194768 0.28286847
-0.08973067 -0.0318324 0.2827253
-0.08967641 -0.03188077 0.28277534
-0.0896833 -0.03178059 0.28264493
-0.08967014 -0.03166362 0.28251624
-0.08963725 -0.031695 0.28255197
-0.08963835 -0.03159995 0.28243411
-0.08962858 -0.03142811 0.28223237
-0.08960097 -0.03147999 0.28229672
-0.0896152 -0.0313245 0.28210846
-0.08958393 -0.03137277 0.28216058
-0.08943831 -0.03094591 0.28167117
-0.08935502 -0.03088002 0.28159133
-0.08933319 -0.03092944 0.28163356
-0.08933493 -0.03076525 0.28147194
-0.08930957 -0.03079909 0.28150314
-0.08926524 -0.03061913 0.28134537
-0.08925981 -0.03067057 0.28138113
-0.08906645 -0.02957151 0.28046441
-0.08913902 -0.02942892 0.28021872
-0.08911441 -0.02947584 0.2802971
-0.0890356 -0.02951991 0.28035814
-0.08912302 -0.02937745 0.2801322
-0.08908025 -0.02942785 0.28020027
-0.08907972 -0.02931503 0.28002605
-0.08904092 -0.02935841 0.2800802
-0.08907128 -0.02921964 0.27988073
-0.08901786 -0.02927339 0.27994379
-0.0890215 -0.02916975 0.27980193
-0.08899872 -0.02921394 0.27985594
-0.08897831 -0.02910566 0.27970895
-0.08894498 -0.02903942 0.27961481
-0.08892443 -0.028935 0.27946737
-0.08890747 -0.02899573 0.27954245
-0.08887807 -0.02887477 0.27937338
-0.08886157 -0.02892612 0.27943647
-0.08885695 -0.02882303 0.27929184
-0.08884936 -0.02872222 0.27913892
-0.08882073 -0.02877389 0.27920437
-0.088823 -0.02864379 0.27901912
-0.08881902 -0.02867215 0.27905917
-0.08876052 -0.02871062 0.27909997
-0.08880204 -0.02856927 0.2789031
-0.08875208 -0.02862457 0.27897543
-0.08874854 -0.02850391 0.27879572
-0.08870218 -0.02855092 0.27885738
-0.0887353 -0.02840697 0.27868125
-0.08869666 -0.02844701 0.27872244
-0.08866176 -0.0285044 0.27879053
-0.08864 -0.02838997 0.278644
-0.08860615 -0.02843811 0.27869779
-0.08858761 -0.02831611 0.27855495
-0.08853929 -0.02802695 0.27822128
-0.08854773 -0.02807761 0.27827996
-0.08847672 -0.02796224 0.27814254
-0.08845206 -0.02801846 0.27819896
-0.08842168 -0.02806494 0.27824637
-0.08841069 -0.02788039 0.27806094
-0.08835028 -0.02794351 0.27811578
-0.08835934 -0.02775947 0.27793476
-0.08832987 -0.02782018 0.27798888
-0.08829367 -0.02786991 0.27803692
-0.08828238 -0.02769668 0.27786848
-0.08824617 -0.02773274 0.27789599
-0.08820943 -0.02754545 0.277733
-0.08820724 -0.02760639 0.27777708
-0.0881556 -0.02766417 0.27783105
-0.08813013 -0.02747789 0.27767077
-0.08811632 -0.02751615 0.27769908
-0.08810063 -0.0275862 0.27775604
-0.08802108 -0.02744519 0.27764556
-0.08800742 -0.02750061 0.27768791
-0.08333623 -0.02238318 0.27240068
-0.08791451 -0.02622545 0.2761915
-0.08792119 -0.02612922 0.27605101
-0.08787183 -0.02608079 0.27596673
-0.08783582 -0.02611694 0.27602008
-0.0878299 -0.02602333 0.27586001
-0.08780064 -0.02607552 0.27592459
-0.08776802 -0.02596974 0.27577937
-0.08771275 -0.02600593 0.27581698
-0.08768046 -0.02594666 0.27573329
-0.0876773 -0.02599408 0.27580458
-0.08760431 -0.02588182 0.27564353
-0.08754732 -0.02583018 0.2755639
-0.08743032 -0.02569139 0.2753748
-0.08740295 -0.02574211 0.27545601
-0.08733632 -0.0256838 0.27534604
-0.08727606 -0.02563075 0.27526841
-0.08724937 -0.02565937 0.27530718
-0.087221 -0.02556633 0.27518314
-0.08712798 -0.0255009 0.27507728
-0.08323549 -0.02238747 0.27236176
-0.08711208 -0.02538707 0.27493501
-0.08702444 -0.02531314 0.27484271
-0.08700363 -0.02536127 0.27489483
-0.08193926 -0.02184033 0.27094278
-0.08196538 -0.0217563 0.27089682
-0.08696379 -0.02524734 0.27475485
-0.0869247 -0.02529386 0.27481043
-0.08690631 -0.02517665 0.27466956
-0.08684641 -0.0252381 0.27472562
-0.08677009 -0.02515831 0.2746354
-0.08671476 -0.02503031 0.27450478
-0.08671416 -0.02508903 0.27455825
-0.08661094 -0.02501656 0.27447832
-0.08660402 -0.02488015 0.27435017
-0.08654848 -0.02494302 0.27439699
-0.08261706 -0.02239273 0.27187794
-0.08271109 -0.02238541 0.27194771
-0.08650322 -0.02479634 0.27425581
-0.08647127 -0.02488231 0.2743198
-0.08637834 -0.02472525 0.27420431
-0.08635931 -0.02477411 0.27423346
-0.08624016 -0.02469503 0.27416834
-0.08294437 -0.02238605 0.27220306
-0.08616444 -0.02460625 0.27408981
-0.08617058 -0.02466981 0.27414018
-0.0831226 -0.0223798 0.27220151
-0.0896077 -0.03279082 0.28400204
-0.0895635 -0.03285602 0.28409001
-0.08961312 -0.03284316 0.28408048
-0.08964584 -0.03274551 0.28394172
-0.089572 -0.03275115 0.28393501
-0.08958939 -0.03290072 0.28415933
-0.08961274 -0.03269032 0.28384948
-0.08960439 -0.03294367 0.28422946
-0.0896639 -0.03261638 0.28374916
-0.0895441 -0.03300912 0.28433254
-0.08963128 -0.03299376 0.28432319
-0.08193395 -0.02177079 0.27090156
-0.08192278 -0.02189379 0.2709837
-0.08200158 -0.02186396 0.27096853
-0.08198823 -0.02196783 0.27105221
-0.08206261 -0.02207705 0.27116725
-0.08213536 -0.02212683 0.27123269
-0.08219989 -0.02219732 0.27133098
-0.082235 -0.02225501 0.27142474
-0.082273 -0.02229772 0.27151009
-0.0895928 -0.03303703 0.28439698
-0.08222028 -0.02234351 0.27159616
-0.08230683 -0.02233494 0.27159262
-0.08224571 -0.02237457 0.27168277
-0.08233587 -0.02236482 0.2716682
-0.08242472 -0.02235362 0.27167094
-0.08227262 -0.02239341 0.27174833
-0.08234717 -0.02238918 0.27174729
-0.08244478 -0.0223816 0.27175388
-0.08245751 -0.02239879 0.27183673
-0.08256289 -0.02239087 0.27184334
-0.0896116 -0.03306776 0.28446335
-0.08258453 -0.02239916 0.27192134
-0.08266796 -0.02238739 0.27190328
-0.08264792 -0.02239401 0.27199155
-0.08273763 -0.02238506 0.2719987
-0.08278128 -0.02238686 0.2720772
-0.08285723 -0.02238543 0.27205804
-0.08286951 -0.02238587 0.27215189
-0.08297252 -0.02238524 0.27215597
-0.08304711 -0.02238212 0.2721906
-0.08309405 -0.02238549 0.27225113
-0.08316106 -0.02238069 0.27224427
-0.08320265 -0.02238452 0.27231714
-0.08328152 -0.02237571 0.27232051
-0.08327503 -0.02238838 0.27239728
-0.08339631 -0.02237579 0.27239162
-0.08345249 -0.02237298 0.27240166
-0.08962392 -0.03251524 0.28361389
-0.08340023 -0.02238884 0.27246234
-0.08349302 -0.02238435 0.2724784
-0.08358847 -0.02238086 0.27250716
-0.08360336 -0.02239919 0.27258506
-0.08369452 -0.02239406 0.27259934
-0.08383887 -0.02238918 0.2726512
-0.08382922 -0.02241506 0.27271914
-0.08387039 -0.02243053 0.27280158
-0.08396574 -0.0224261 0.27281925
-0.08399016 -0.02244571 0.27289537
-0.08408582 -0.02246983 0.27299142
-0.08422554 -0.02250244 0.27314556
-0.08962497 -0.03311073 0.28501984
-0.08426935 -0.0225492 0.27330077
-0.08426484 -0.02258134 0.27339134
-0.08429942 -0.02259715 0.27347222
-0.08953358 -0.03311975 0.28456476
-0.08432427 -0.02260455 0.27354884
-0.08429436 -0.02262009 0.27366444
-0.08956598 -0.03314125 0.28465739
-0.08963757 -0.03312521 0.28464371
-0.08957628 -0.03247659 0.28355396
-0.08371818 -0.0394344 0.29424283
-0.08362844 -0.0394518 0.29424661
-0.08376192 -0.03948179 0.29415235
-0.08367084 -0.0394989 0.29415748
-0.08380283 -0.03952545 0.29406241
-0.08371156 -0.03954273 0.29406783
-0.08361885 -0.03955698 0.29407179
-0.08375082 -0.03958288 0.29397643
-0.08365874 -0.03959848 0.29398149
-0.08378454 -0.03961737 0.29388696
-0.08369324 -0.03963432 0.29389217
-0.08359866 -0.03964703 0.29389742
-0.08372201 -0.03966413 0.29380473
-0.08362777 -0.0396774 0.29380983
-0.08365323 -0.03970227 0.29372266
-0.08367578 -0.03972463 0.29363599
-0.08369718 -0.03974467 0.29354948
-0.08371749 -0.03976285 0.29346293
-0.08373337 -0.03977586 0.29337743
-0.08363841 -0.0397839 0.29338238
-0.08374489 -0.03978309 0.29329348
-0.08375746 -0.03978976 0.29312709
-0.08376084 -0.03978995 0.29304519
-0.08383195 -0.03978015 0.29294625
-0.08392926 -0.0397642 0.29287708
-0.08385192 -0.03977473 0.29286999
-0.08395062 -0.03975694 0.29279232
-0.08385557 -0.03976889 0.29278007
-0.08394148 -0.03975446 0.29270312
-0.08403735 -0.0397391 0.29262397
-0.08396462 -0.03974925 0.29262325
-0.08411989 -0.0397276 0.29254559
-0.08406322 -0.03973467 0.29254028
-0.08412768 -0.03972108 0.29244196
-0.08403976 -0.03973091 0.29246604
-0.08412252 -0.03971486 0.29236415
-0.08413682 -0.03970559 0.29228893
-0.08418725 -0.0396935 0.29224509
-0.0844879 -0.03938615 0.2913253
-0.08448847 -0.03935456 0.29125687
-0.08453909 -0.03930417 0.29116881
-0.08457594 -0.0392402 0.29106775
-0.08450986 -0.03924843 0.29106575
-0.08464596 -0.03918231 0.29098889
-0.08458319 -0.03920444 0.29101029
-0.08460834 -0.03914341 0.29091141
-0.08453169 -0.03916804 0.29093778
-0.08469851 -0.03907989 0.29083994
-0.08956405 -0.03315438 0.28472975
-0.08963419 -0.03314005 0.28474057
-0.08489339 -0.03885618 0.29059777
-0.08500633 -0.0387517 0.29051006
-0.08493532 -0.03877508 0.29052684
-0.08728059 -0.03613937 0.2894803
-0.08718847 -0.03615626 0.2894839
-0.08709034 -0.03616409 0.28948686
-0.08697977 -0.03615745 0.28948978
-0.08684991 -0.03613778 0.28949076
-0.08732933 -0.03619337 0.28938985
-0.08723938 -0.03621331 0.28939369
-0.08714249 -0.03622428 0.28939778
-0.08703499 -0.03622069 0.28940091
-0.08690571 -0.03620309 0.28940257
-0.08681794 -0.03617452 0.28942549
-0.08728561 -0.03626453 0.28930375
-0.08719235 -0.03627901 0.289307
-0.08708796 -0.03627967 0.28931096
-0.08697096 -0.03626332 0.28931504
-0.08686038 -0.03624802 0.28930736
-0.08732726 -0.03631068 0.28921399
-0.0872369 -0.0363275 0.28921652
-0.08713614 -0.0363329 0.28922084
-0.0870197 -0.03631968 0.28922665
-0.08690363 -0.03629732 0.28922918
-0.08736381 -0.0363506 0.289125
-0.08727431 -0.03636916 0.28912815
-0.08717616 -0.03637675 0.289132
-0.08706215 -0.03636932 0.28913757
-0.086927 -0.0363471 0.28913903
-0.0873064 -0.03640397 0.28904036
-0.08720865 -0.03641187 0.28904438
-0.08709916 -0.03640839 0.28904971
-0.08696466 -0.03639459 0.28904352
-0.08742294 -0.03641726 0.2889522
-0.08733239 -0.03643316 0.28895444
-0.08723474 -0.03644063 0.28895834
-0.08712956 -0.03643863 0.28896362
-0.08744679 -0.03644391 0.28886634
-0.08735512 -0.03645919 0.28886911
-0.08725701 -0.03646605 0.28887331
-0.08746716 -0.03646648 0.28878051
-0.08737457 -0.03648087 0.28878397
-0.08748578 -0.03648594 0.28869528
-0.08739277 -0.03649912 0.28869885
-0.08750206 -0.03650155 0.28861028
-0.08740787 -0.03651292 0.288614
-0.08751579 -0.03651297 0.28852496
-0.08742231 -0.0365233 0.28853047
-0.08751936 -0.03652154 0.28843215
-0.08743723 -0.0365284 0.28845328
-0.08763182 -0.03651383 0.28833401
-0.08755461 -0.03652007 0.28835765
-0.08775699 -0.03650459 0.28826004
-0.0876318 -0.03651654 0.28826678
-0.08755939 -0.03651783 0.28827676
-0.0878436 -0.03649461 0.28818095
-0.08771449 -0.03651021 0.28818676
-0.08763996 -0.03651103 0.28818861
-0.08965024 -0.03240516 0.28347319
-0.08782345 -0.03649684 0.28809589
-0.08773054 -0.03650066 0.2881003
-0.08930417 -0.03075533 0.28145942
-0.0878977 -0.0364502 0.28794524
-0.08931267 -0.03084993 0.28155351
-0.08936168 -0.03081667 0.28153247
-0.08787686 -0.03638231 0.28779289
-0.08935838 -0.03090905 0.28161755
-0.08941205 -0.03088625 0.28160954
-0.08790661 -0.03632805 0.28768906
-0.08781847 -0.0363502 0.28770441
-0.08968796 -0.03225927 0.28327489
-0.08938754 -0.03099657 0.2817134
-0.08795951 -0.03628311 0.28761497
-0.08787864 -0.03630544 0.28762695
-0.0879311 -0.03624981 0.28753585
-0.08939778 -0.03105694 0.28178635
-0.08947234 -0.03104024 0.28177765
-0.08807562 -0.03617335 0.28743589
-0.08799227 -0.03618287 0.28742844
-0.08793226 -0.03620843 0.2874651
-0.08943096 -0.03112805 0.28186622
-0.08951087 -0.03110561 0.28184882
-0.08811359 -0.03611686 0.28735405
-0.0880622 -0.03613271 0.2873621
-0.08809622 -0.03608023 0.28727517
-0.08805371 -0.03610422 0.28731123
-0.08938786 -0.03120953 0.28195855
-0.08946171 -0.03118373 0.28194463
-0.08825849 -0.03600257 0.28718013
-0.08816205 -0.03604049 0.28721115
-0.08825402 -0.03597747 0.28712186
-0.08942775 -0.03125921 0.28203037
-0.08830237 -0.03591245 0.2870349
-0.0884081 -0.0358166 0.28692162
-0.08831061 -0.0358532 0.28694862
-0.08951946 -0.03133723 0.28211221
-0.08957031 -0.03132863 0.28210422
-0.08835486 -0.03578802 0.28686768
-0.08953916 -0.0313848 0.28217316
-0.08961805 -0.03136202 0.28215364
-0.08844185 -0.03569993 0.28678751
-0.08848457 -0.03562394 0.28671047
-0.0884039 -0.03564484 0.28671703
-0.08957335 -0.03145708 0.28226358
-0.08849623 -0.03555401 0.28662547
-0.08854124 -0.0354845 0.286558
-0.08847487 -0.03549526 0.28655472
-0.08961347 -0.03151017 0.28233412
-0.08861164 -0.03540907 0.28647751
-0.08851638 -0.03542586 0.28648484
-0.08870336 -0.03529291 0.28637215
-0.08865083 -0.03533255 0.28639752
-0.08958891 -0.03159085 0.28241572
-0.08963391 -0.03157149 0.28240272
-0.08874965 -0.03522443 0.2863096
-0.08865869 -0.03523378 0.2862944
-0.08962414 -0.03164187 0.28248146
-0.08870891 -0.03515895 0.28622401
-0.08882312 -0.03505237 0.28613737
-0.08876483 -0.0350862 0.28616104
-0.08968075 -0.03170371 0.28256598
-0.08885265 -0.0349717 0.28605407
-0.08889741 -0.03489199 0.28597963
-0.08964589 -0.03178689 0.28265032
-0.08971997 -0.03176572 0.28264129
-0.08966646 -0.03184583 0.28273234
-0.08956266 -0.03316057 0.284821
-0.08970719 -0.03189667 0.28280112
-0.08901515 -0.03460861 0.28568122
-0.08909788 -0.03450293 0.2855745
-0.0890131 -0.03452123 0.28557944
-0.08968066 -0.03197184 0.28288922
-0.08905186 -0.03445378 0.28551808
-0.08901557 -0.03437642 0.28544691
-0.08972848 -0.03201939 0.28295723
-0.08975984 -0.03207671 0.28304166
-0.08972833 -0.03233428 0.28338295
-0.08966361 -0.03233951 0.28337952
-0.08955305 -0.03316132 0.28486606
-0.08963557 -0.03314198 0.2848883
-0.08970108 -0.03213466 0.28311425
-0.08946523 -0.03314036 0.28499186
-0.08975188 -0.03219492 0.28320011
-0.08951014 -0.03314207 0.28498566
-0.08187275 -0.02174294 0.27088141
-0.08193005 -0.02180595 0.27091932
-0.08194218 -0.02194317 0.27102542
-0.08200038 -0.02199841 0.271081
-0.08207449 -0.02203268 0.27112535
-0.08229296 -0.02238544 0.27171293
-0.08650552 -0.02485848 0.27429676
-0.0865306 -0.02497295 0.27442735
-0.08706357 -0.02545716 0.27500477
-0.08423807 -0.022624 0.27370504
-0.08426358 -0.02261475 0.273765
-0.08727279 -0.02568047 0.27533272
-0.08734014 -0.02570254 0.27537662
-0.08426167 -0.02260903 0.27383122
-0.0873105 -0.02575395 0.27545688
-0.08738077 -0.0257883 0.27551991
-0.08746687 -0.02580753 0.27554849
-0.08421067 -0.02261002 0.27389303
-0.08427495 -0.02259625 0.27394706
-0.0877586 -0.02605781 0.27588475
-0.08783862 -0.02606841 0.27593005
-0.08780463 -0.02611696 0.27600998
-0.08786849 -0.02612857 0.27604514
-0.08794916 -0.02615453 0.27608585
-0.08790807 -0.02618551 0.27612761
-0.08793724 -0.02627114 0.2762765
-0.08801099 -0.02629306 0.27632639
-0.08790226 -0.02633351 0.27635172
-0.08798023 -0.02634869 0.27637646
-0.08804186 -0.02634875 0.27642792
-0.08793569 -0.0263936 0.27647686
-0.08790769 -0.02640822 0.27655038
-0.0879455 -0.0263979 0.27657834
-0.08810208 -0.02636794 0.27665636
-0.08813005 -0.02635133 0.27676764
-0.0878479 -0.02739042 0.27759784
-0.08791384 -0.02744722 0.2776396
-0.08798525 -0.02748022 0.27767324
-0.0880786 -0.02754625 0.27772272
-0.08814539 -0.02761046 0.27777588
-0.08823343 -0.02764816 0.27781922
-0.08819892 -0.02773125 0.27789545
-0.08833038 -0.0278868 0.2780599
-0.08841474 -0.02792135 0.27809724
-0.08837963 -0.02800338 0.27817973
-0.0884385 -0.02803819 0.27821979
-0.08840893 -0.02810285 0.27828839
-0.08846141 -0.02811945 0.27831247
-0.08854402 -0.0281549 0.27836636
-0.08843014 -0.02819977 0.27840307
-0.08850906 -0.02822756 0.27843881
-0.08855282 -0.02832315 0.27855736
-0.08863232 -0.02835709 0.27860329
-0.08859474 -0.02841539 0.27866718
-0.08865037 -0.02844206 0.27871123
-0.08874737 -0.02846186 0.27874395
-0.08862873 -0.02849834 0.27877995
-0.08868841 -0.02852321 0.27881697
-0.08876853 -0.02853865 0.27884519
-0.08873964 -0.02860363 0.27894217
-0.0888057 -0.02861191 0.27896881
-0.08871926 -0.02864248 0.27899688
-0.08878651 -0.02867565 0.27905568
-0.08885363 -0.02869054 0.27909553
-0.0888135 -0.02874038 0.279154
-0.0887737 -0.02879294 0.27922142
-0.08886193 -0.02880732 0.27926973
-0.08882488 -0.02887528 0.2793574
-0.08887837 -0.02889853 0.27940503
-0.08891887 -0.02896947 0.27951041
-0.0888929 -0.02901683 0.27957037
-0.08895694 -0.02905863 0.27964443
-0.08891927 -0.02911147 0.27970135
-0.08900255 -0.02912117 0.27973548
-0.08896022 -0.02918182 0.27980727
-0.08903527 -0.029203 0.27984855
-0.08898202 -0.02924916 0.27990484
-0.08906171 -0.02928325 0.27996904
-0.08900925 -0.02932586 0.28002346
-0.08910081 -0.02934797 0.280083
-0.08905105 -0.02939648 0.28014243
-0.08911591 -0.02940721 0.28017512
-0.08908109 -0.02945902 0.2802569
-0.08906333 -0.02949344 0.28031579
-0.08900301 -0.0295539 0.2804122
-0.08908727 -0.02954169 0.2804147
-0.08897292 -0.02959536 0.280485
-0.08905269 -0.02960104 0.28051648
-0.08901191 -0.02963357 0.28057787
-0.0890828 -0.02963616 0.28063077
-0.08911291 -0.02964623 0.28073406
-0.08917235 -0.02963338 0.28077534
-0.08905711 -0.02965496 0.28078601
-0.08913555 -0.02963449 0.2808634
-0.08918718 -0.02961478 0.28091863
-0.08913334 -0.02962449 0.28097379
-0.08922536 -0.02959961 0.28100443
-0.08898407 -0.03429242 0.28536841
-0.0890145 -0.03431823 0.2853964
-0.0890084 -0.03441374 0.28547823
-0.08905624 -0.03449693 0.28555918
-0.08900591 -0.03455978 0.28562185
-0.08898318 -0.03464167 0.28571761
-0.08895603 -0.03471624 0.28579819
-0.08888624 -0.03484472 0.28592473
-0.08893716 -0.03485491 0.28594756
-0.08890755 -0.03493454 0.28602874
-0.0888717 -0.03499274 0.28608248
-0.08877745 -0.03504558 0.28612334
-0.08868414 -0.03519686 0.28625882
-0.08876836 -0.03519341 0.28627998
-0.08864076 -0.03525493 0.28631225
-0.08861227 -0.03531908 0.28637412
-0.08859672 -0.03538992 0.286452
-0.08855739 -0.03544703 0.28651389
-0.08850609 -0.03551251 0.28658256
-0.08847398 -0.03558872 0.28665975
-0.08843911 -0.03564556 0.28672495
-0.08839929 -0.03570357 0.28678223
-0.08836515 -0.03576157 0.28683802
-0.08834159 -0.03582267 0.28691009
-0.0883025 -0.03587396 0.28697604
-0.08826956 -0.03592676 0.28704932
-0.08821765 -0.03597986 0.28711411
-0.0881849 -0.03601345 0.28716505
-0.08813638 -0.03606166 0.28724855
-0.08809391 -0.03610656 0.28732568
-0.08806642 -0.03615335 0.28739598
-0.08802842 -0.03618893 0.28744721
-0.08790986 -0.03622574 0.28749207
-0.08797195 -0.03622947 0.28750893
-0.08787875 -0.03626645 0.28755587
-0.087929 -0.03627416 0.28758156
-0.08791282 -0.03631005 0.28764772
-0.08785553 -0.03635062 0.28771839
-0.08757753 -0.03651257 0.28821495
-0.08749419 -0.03651889 0.28827187
-0.0874676 -0.0365268 0.28834191
-0.08679058 -0.03620337 0.28936702
-0.08563997 -0.03712727 0.28975621
-0.08565744 -0.03729417 0.28982964
-0.08553619 -0.03738422 0.28986964
-0.08559838 -0.03741227 0.28990129
-0.08542816 -0.037922 0.29011086
-0.0853729 -0.03803432 0.2901496
-0.08535298 -0.03818661 0.29020819
-0.0852202 -0.03841964 0.2903083
-0.08509611 -0.03852132 0.29033515
-0.08508456 -0.03860306 0.2903901
-0.08498925 -0.03866652 0.29043317
-0.08494635 -0.03873578 0.29048738
-0.08493058 -0.03881251 0.29056469
-0.08482013 -0.03885743 0.29059088
-0.08487882 -0.03887036 0.29061165
-0.08475324 -0.03890854 0.29063922
-0.08472316 -0.03896561 0.2906954
-0.08468799 -0.03902112 0.29076147
-0.08466066 -0.0390776 0.29082733
-0.08455178 -0.03912398 0.29087234
-0.08459889 -0.03912599 0.29088351
-0.08458554 -0.03917703 0.29096484
-0.08454404 -0.03922643 0.29103649
-0.08449695 -0.03927542 0.29111007
-0.08449078 -0.03930803 0.29116493
-0.08794229 -0.02613874 0.27606365
-0.08764458 -0.02586312 0.27563301
-0.08768306 -0.02591581 0.27569711
-0.08771022 -0.02596225 0.27575755
-0.08772977 -0.02601402 0.27582598
-0.08774463 -0.0260658 0.27589712
-0.08779683 -0.02609634 0.27596304
-0.08781882 -0.02613105 0.27603826
-0.08785141 -0.02617222 0.27610061
-0.08752418 -0.02578874 0.27551487
-0.08753727 -0.02585183 0.27559876
-0.08847893 -0.02792881 0.27811459
-0.08850201 -0.02799676 0.27818233
-0.08852802 -0.02805765 0.27825055
-0.08728787 -0.02559429 0.27522406
-0.08732199 -0.02563885 0.27528504
-0.0873497 -0.02568947 0.27536005
-0.08735401 -0.02572953 0.27542669
-0.08742851 -0.02580565 0.27554622
-0.08832723 -0.02778727 0.27795437
-0.08836719 -0.02784727 0.27802169
-0.08836302 -0.02790793 0.27808091
-0.0883779 -0.02797557 0.27814841
-0.08840687 -0.02803088 0.27821013
-0.08844842 -0.02808809 0.27827355
-0.088471 -0.02814976 0.27835017
-0.08848446 -0.02819261 0.27839693
-0.08852009 -0.02825616 0.27847785
-0.08714703 -0.0254728 0.27504551
-0.08714236 -0.02552265 0.27511042
-0.08724672 -0.02570823 0.27536917
-0.08819512 -0.0276883 0.27785617
-0.08822697 -0.02775744 0.27791718
-0.08825041 -0.02781403 0.27797621
-0.08695023 -0.02529374 0.27481368
-0.08697975 -0.02534636 0.27487725
-0.08678821 -0.0251671 0.27464491
-0.0893451 -0.03073391 0.28144354
-0.08935583 -0.03078808 0.2815004
-0.08938096 -0.0308504 0.28157037
-0.08938877 -0.03093026 0.28164503
-0.08943567 -0.03098104 0.28170651
-0.08944431 -0.03103197 0.28176358
-0.08947057 -0.03110891 0.28184482
-0.08947528 -0.03114862 0.28190234
-0.08956213 -0.03130501 0.2820814
-0.08957639 -0.03135298 0.28213465
-0.08960146 -0.031417 0.28221843
-0.087802 -0.02736511 0.27757812
-0.08783866 -0.02744011 0.27763036
-0.08918562 -0.03047309 0.28124696
-0.08916064 -0.03057035 0.28130421
-0.08919646 -0.03064492 0.28135425
-0.08923604 -0.03070863 0.28140661
-0.08925397 -0.03077441 0.2814711
-0.08937089 -0.03110745 0.28183851
-0.0894073 -0.03117079 0.28191447
-0.08945321 -0.0312238 0.2819888
-0.08946095 -0.03129639 0.28207019
-0.0895456 -0.03149804 0.28230584
-0.08958223 -0.03155721 0.28238028
-0.08961405 -0.03167341 0.28252119
-0.08963492 -0.03172222 0.28258455
-0.0896681 -0.03175132 0.28261498
-0.0897012 -0.03180724 0.28268445
-0.08972958 -0.03185826 0.28275898
-0.08974111 -0.03191363 0.28283155
-0.08975916 -0.03197199 0.282906
-0.08649507 -0.02493328 0.27438125
-0.08769207 -0.02724226 0.2774795
-0.08771463 -0.02732896 0.27754381
-0.08770622 -0.02740747 0.27760002
-0.08966794 -0.0320075 0.28293252
-0.08969628 -0.0320484 0.28299081
-0.08972918 -0.03208489 0.28304943
-0.08974557 -0.03212127 0.28310215
-0.08636434 -0.02484557 0.27429047
-0.0896736 -0.03216231 0.28314659
-0.08970618 -0.03219792 0.28319564
-0.08969831 -0.0322288 0.28323463
-0.089661 -0.03230768 0.28333798
-0.08967977 -0.03236694 0.28342131
-0.08958822 -0.03238845 0.28344446
-0.08961572 -0.03243994 0.28351584
-0.08964264 -0.03248161 0.28357235
-0.08956342 -0.03251474 0.28360158
-0.08958846 -0.03255924 0.2836656
-0.08961225 -0.03260703 0.28372791
-0.08964378 -0.03265847 0.28380421
-0.08958029 -0.03272318 0.28389376
-0.08960789 -0.03276342 0.28396061
-0.0896468 -0.0328076 0.28403413
-0.08956933 -0.0328797 0.28412631
-0.08961913 -0.03291144 0.28418264
-0.08955311 -0.0329846 0.28429011
-0.08958989 -0.03301432 0.28435344
-0.08950803 -0.0330334 0.28436822
-0.08954445 -0.03306444 0.28443941
-0.08956222 -0.03309393 0.28450754
-0.08959802 -0.03311926 0.28458759
-0.08963937 -0.0331314 0.28466976
-0.08901132 -0.03447926 0.28553534
-0.08882759 -0.03499202 0.28607163
-0.08863638 -0.03532094 0.28637698
-0.08857084 -0.03541519 0.2864747
-0.08850473 -0.03548507 0.28654945
-0.08844116 -0.03556914 0.28662926
-0.08204785 -0.02146222 0.27073485
-0.08196191 -0.02153254 0.27076545
-0.0819768 -0.02172525 0.27087951
-0.08198331 -0.02179993 0.27092397
-0.08203375 -0.02197439 0.27106607
-0.081856 -0.02159186 0.27079776
-0.08188699 -0.02169094 0.27085024
-0.08189771 -0.02178271 0.27090502
-0.08568691 -0.03677993 0.28961006
-0.08567383 -0.03690277 0.28966486
-0.0856889 -0.0370134 0.2897138
-0.08560411 -0.03720399 0.28978026
-0.08560106 -0.03728766 0.28981993
-0.08559851 -0.03735839 0.28986824
-0.08552358 -0.03743849 0.28989765
-0.08552878 -0.03752008 0.28994092
-0.08552646 -0.03762858 0.28999639
-0.08544619 -0.03778823 0.29005787
-0.08546069 -0.03790777 0.29011258
-0.08537432 -0.03796097 0.29012153
-0.08536493 -0.03810021 0.29017565
-0.0854002 -0.03815835 0.29020765
-0.08528358 -0.03824662 0.29022643
-0.08529072 -0.03833479 0.29027757
-0.08522829 -0.03832198 0.29025266
-0.08520573 -0.0383978 0.29029104
-0.08513486 -0.03854619 0.29035959
-0.0850099 -0.03859799 0.29037824
-0.0850501 -0.03865978 0.29043484
-0.08497988 -0.03870774 0.29046541
-0.08498327 -0.03876469 0.29052019
-0.08488271 -0.03873336 0.29048318
-0.08488064 -0.03879502 0.29053935
-0.08490721 -0.03885936 0.29060537
-0.08481096 -0.03882179 0.29055673
-0.08483544 -0.03889722 0.29063356
-0.08472401 -0.03892188 0.29065078
-0.08476805 -0.03897807 0.29071701
-0.08465838 -0.03900446 0.29073846
-0.08469217 -0.03905206 0.29080185
-0.08460168 -0.03907672 0.29081517
-0.08456724 -0.03914937 0.29091355
-0.08901165 -0.03439901 0.28546628
-0.08897044 -0.03425042 0.28533345
-0.0889857 -0.03410497 0.28522789
-0.08894512 -0.03417645 0.28526789
-0.08898473 -0.03392489 0.28514317
-0.08505293 -0.03856271 0.29035532
-0.08500898 -0.03863662 0.29041034
-0.08493647 -0.03869322 0.29044852
-0.08568587 -0.03708487 0.28974432
-0.08569977 -0.03690848 0.28967217
-0.08564541 -0.03700006 0.28970104
-0.08561151 -0.03705392 0.2897214
-0.0893806 -0.03074396 0.28145432
-0.08567671 -0.03680895 0.28961778
-0.08928439 -0.03071879 0.28142306
-0.08569196 -0.03659445 0.28956142
-0.08926359 -0.03055597 0.28130347
-0.08923167 -0.03063167 0.28134954
-0.08573613 -0.03635041 0.28954709
-0.08927507 -0.030386 0.28121901
-0.0891869 -0.03053519 0.28128314
-0.08931839 -0.03019603 0.28117985
-0.08923288 -0.03028107 0.28117725
-0.08920777 -0.03037162 0.2812061
-0.0883345 -0.0278664 0.27803662
-0.08827578 -0.02779132 0.27795315
-0.0882699 -0.02783653 0.27800152
-0.08828097 -0.02765065 0.27782857
-0.08823342 -0.02770954 0.27787539
-0.08816414 -0.02763472 0.27779999
-0.08802944 -0.02753584 0.27771521
-0.08797451 -0.02744317 0.27764288
-0.08794267 -0.02751498 0.27770039
-0.08789474 -0.02741164 0.27761331
-0.08788043 -0.02748257 0.27766857
-0.08781679 -0.02740378 0.27760431
-0.0877549 -0.0273865 0.27758551
-0.08771616 -0.02728741 0.27751654
-0.08776574 -0.02704032 0.27738681
-0.08772511 -0.02712439 0.27740559
-0.0876648 -0.02719493 0.27744216
-0.08770149 -0.02699722 0.27737242
-0.08764312 -0.02708437 0.27738282
-0.08765337 -0.02593674 0.27571523
-0.08760449 -0.02586711 0.27562732
-0.08752896 -0.02581493 0.27554098
-0.08738928 -0.02573064 0.2754347
-0.0873511 -0.02576856 0.27548698
-0.0873553 -0.02561975 0.2752665
-0.08732297 -0.02567043 0.27532506
-0.08729847 -0.02572496 0.27540299
-0.08729022 -0.02556714 0.27519307
-0.08723584 -0.02562273 0.27525324
-0.08719059 -0.02555129 0.27516147
-0.08709122 -0.02542319 0.27496949
-0.08703758 -0.02536213 0.27489656
-0.08690215 -0.0252392 0.2747308
-0.08688599 -0.02527834 0.27478439
-0.08684307 -0.02516917 0.27465236
-0.08682045 -0.02521231 0.27469274
-0.0868093 -0.02507856 0.27456787
-0.08676943 -0.02513363 0.27461135
-0.08670416 -0.02506071 0.27452931
-0.08667161 -0.02499987 0.27447152
-0.08660831 -0.0249281 0.27439451
-0.08655745 -0.02499193 0.27444899
-0.08656001 -0.02484805 0.27430731
-0.08650465 -0.02491392 0.27435836
-0.08646277 -0.0248348 0.27427584
-0.08640639 -0.02475341 0.27422372
-0.08634532 -0.02481559 0.27426362
-0.08633478 -0.02471864 0.27419713
-0.08629492 -0.02477971 0.27423635
-0.08146082 -0.0200807 0.2705476
-0.08155604 -0.02013493 0.2705451
-0.08623377 -0.02471108 0.27418002
-0.08153755 -0.02029897 0.27053136
-0.08161063 -0.02018389 0.27054232
-0.08157182 -0.02036414 0.27053037
-0.08167745 -0.0202159 0.27054432
-0.0861855 -0.02463795 0.27411634
-0.08166029 -0.02039841 0.2705318
-0.08173785 -0.02046975 0.27053517
-0.08180782 -0.02049619 0.27053839
-0.08604579 -0.02452504 0.274005
-0.08181565 -0.02068023 0.27054155
-0.08188307 -0.02053419 0.27054426
-0.08604564 -0.02437597 0.27390346
-0.08601976 -0.02443815 0.27393445
-0.08180688 -0.02080055 0.2705459
-0.08188224 -0.02068013 0.27054873
-0.0818765 -0.02085522 0.27055517
-0.08600906 -0.02427434 0.27385429
-0.08596161 -0.02434736 0.27387482
-0.08592138 -0.02443212 0.27391768
-0.08190612 -0.02096469 0.27057078
-0.08194981 -0.02109857 0.27059591
-0.08592529 -0.02426386 0.27383941
-0.0820144 -0.02113897 0.27061424
-0.08183243 -0.02167092 0.27083853
-0.08191106 -0.02160297 0.270803
-0.08192752 -0.02151604 0.27075717
-0.08200639 -0.02144196 0.27072102
-0.08205356 -0.02134303 0.27068433
-0.08192848 -0.0216791 0.27084678
-0.08201291 -0.02156246 0.27078331
-0.08207609 -0.02148972 0.27075267
-0.08582424 -0.02404827 0.27377832
-0.0858173 -0.02410147 0.27378932
-0.08150503 -0.01966343 0.27064148
-0.08158433 -0.0196227 0.2706556
-0.08166442 -0.01958164 0.27067342
-0.08174486 -0.01954009 0.27069288
-0.08182602 -0.01949723 0.27071482
-0.08152415 -0.01975266 0.27061722
-0.08160359 -0.01971165 0.27063057
-0.08168385 -0.01966979 0.27064687
-0.0817639 -0.01962911 0.27066505
-0.08184411 -0.01958799 0.27068514
-0.08146562 -0.0198787 0.27058458
-0.08154434 -0.01984012 0.27059624
-0.08162316 -0.01980044 0.27060926
-0.08170337 -0.01975839 0.27062458
-0.08142813 -0.02000449 0.27055952
-0.0814894 -0.01996309 0.27056894
-0.08156636 -0.01992435 0.27057946
-0.08164409 -0.01988654 0.2705918
-0.0817235 -0.0198462 0.27060613
-0.0815184 -0.02005607 0.27055472
-0.08158877 -0.02000993 0.27056685
-0.0815139 -0.02013029 0.27054319
-0.08161248 -0.02010361 0.27055398
-0.08155084 -0.02021649 0.27053666
-0.08164617 -0.02016642 0.27054688
-0.08159821 -0.02030545 0.2705338
-0.08164504 -0.02025636 0.27053863
-0.08162469 -0.02037243 0.27053186
-0.08168762 -0.0203372 0.27053708
-0.0817019 -0.02041008 0.27053386
-0.08177301 -0.02038069 0.27054104
-0.08181959 -0.02044209 0.27054101
-0.08184079 -0.02053521 0.27054039
-0.08567089 -0.03685054 0.28964031
-0.08555382 -0.02260316 0.27412406
-0.08557524 -0.02271 0.27406567
-0.08557151 -0.02280552 0.27401081
-0.0855981 -0.0229005 0.27396101
-0.08559012 -0.02299181 0.27391544
-0.08561192 -0.02308878 0.27388307
-0.0856427 -0.0231693 0.27385947
-0.08565625 -0.02327358 0.27383474
-0.08571784 -0.02322814 0.27385837
-0.0856596 -0.0233678 0.27381131
-0.08899444 -0.03420436 0.28530332
-0.08568855 -0.02344943 0.27379295
-0.085758 -0.02342868 0.27380726
-0.08570708 -0.02353699 0.27377951
-0.08578924 -0.02348197 0.27380303
-0.08572542 -0.02362184 0.27377135
-0.08581195 -0.02358094 0.27378923
-0.08573325 -0.02369788 0.27376354
-0.08585057 -0.02366817 0.27378136
-0.08577093 -0.02377656 0.27375829
-0.08584225 -0.02374365 0.27377036
-0.08579795 -0.02385066 0.2737577
-0.08582509 -0.02395734 0.27376446
-0.08588912 -0.02391562 0.27377263
-0.08585421 -0.02400922 0.27377561
-0.0858918 -0.02408846 0.27379438
-0.08894244 -0.03413175 0.28523526
-0.08593729 -0.02417134 0.27381518
-0.08588136 -0.02427208 0.27384099
-0.08597176 -0.02422799 0.27383402
-0.08591603 -0.02432116 0.27386096
-0.08600199 -0.02430996 0.27386522
-0.0859722 -0.02439966 0.27390265
-0.08898789 -0.03404917 0.28519672
-0.08904148 -0.03393514 0.28516072
-0.08896174 -0.03398066 0.28516206
-0.08907634 -0.03382777 0.28514189
-0.0889831 -0.03386089 0.2851294
-0.08687516 -0.02525248 0.27474642
-0.08692613 -0.02522078 0.27471507
-0.08697651 -0.02528335 0.2748031
-0.08701566 -0.02534174 0.27487224
-0.08705675 -0.02539209 0.27493066
-0.08711478 -0.025453 0.27501103
-0.089102 -0.03372693 0.28513277
-0.08902042 -0.03376555 0.28511912
-0.0871673 -0.02549714 0.27508166
-0.08909003 -0.03363098 0.28512681
-0.08901032 -0.03368293 0.28511411
-0.08908141 -0.03355451 0.28512824
-0.08898515 -0.03360347 0.28511456
-0.08903619 -0.03351013 0.28512633
-0.08896747 -0.03351543 0.28512263
-0.08784053 -0.02624464 0.27745631
-0.08785506 -0.02628061 0.27744588
-0.08779271 -0.02643309 0.27741945
-0.0878543 -0.02638883 0.27743426
-0.08780327 -0.02649329 0.27740353
-0.08786844 -0.02647631 0.27741548
-0.08782239 -0.02657965 0.27738455
-0.08791356 -0.02656624 0.27739948
-0.0877897 -0.02669562 0.27737007
-0.08785864 -0.02666078 0.27737558
-0.08792598 -0.02665497 0.27738452
-0.08773066 -0.026818 0.27736899
-0.08780917 -0.02677969 0.27736902
-0.0878825 -0.02674827 0.27737406
-0.08768623 -0.02694618 0.27737093
-0.08775122 -0.0269006 0.27737197
-0.08781578 -0.02685779 0.27737156
-0.08792378 -0.02682274 0.27738035
-0.08773761 -0.02701372 0.27737749
-0.0878106 -0.02694417 0.27737993
-0.08786371 -0.02690593 0.27738082
-0.08902763 -0.03341573 0.28514782
-0.08767255 -0.02711456 0.27739352
-0.0877706 -0.02707862 0.27739826
-0.08925407 -0.03318602 0.28522587
-0.08905156 -0.0332784 0.28519189
-0.08897939 -0.03330207 0.2851744
-0.08771226 -0.02717123 0.27743137
-0.08764879 -0.02727694 0.27749717
-0.08910565 -0.03315732 0.28520307
-0.08903959 -0.03318962 0.28521827
-0.08899047 -0.03322014 0.28520221
-0.08903529 -0.03314623 0.28521609
-0.08894614 -0.03313467 0.28521702
-0.08847432 -0.02824837 0.27846318
-0.08855057 -0.02822605 0.27844402
-0.08853634 -0.02829267 0.27852267
-0.08858018 -0.02836603 0.27860731
-0.08865048 -0.02834342 0.27859315
-0.08863398 -0.02842089 0.27868012
-0.08868888 -0.02839049 0.27865386
-0.08865893 -0.02847314 0.27875045
-0.08572272 -0.03630508 0.28954756
-0.0857574 -0.03636857 0.28954938
-0.08569335 -0.03651805 0.28954783
-0.08568043 -0.03667109 0.28958139
-0.0856671 -0.03703827 0.28972098
-0.08571116 -0.03693037 0.28968373
-0.0855147 -0.02267018 0.27407643
-0.08552073 -0.02275194 0.27403152
-0.0855855 -0.02275761 0.27404201
-0.08556098 -0.02287124 0.27396938
-0.08556624 -0.02294314 0.27393296
-0.08562668 -0.02302925 0.27390915
-0.0856154 -0.02313895 0.27386487
-0.08566822 -0.0231321 0.27387917
-0.08561032 -0.02319345 0.27384692
-0.08567402 -0.02319613 0.2738581
-0.08573413 -0.02339446 0.27381176
-0.08709812 -0.02539718 0.2749418
-0.08788214 -0.02629733 0.2774415
-0.08782092 -0.02635719 0.27743888
-0.08791437 -0.02635727 0.27745146
-0.08782931 -0.02641719 0.27742603
-0.08788414 -0.02643477 0.27743018
-0.08787771 -0.02653009 0.27740243
-0.08788683 -0.02660336 0.27738687
-0.08793309 -0.02670227 0.2773807
-0.08793306 -0.02675846 0.27737921
-0.08931372 -0.02974356 0.28122756
-0.08940071 -0.02978126 0.28123721
-0.08946154 -0.02979972 0.28123936
-0.08937028 -0.0298479 0.28121784
-0.08945254 -0.02988432 0.28121722
-0.08934511 -0.02993586 0.28119007
-0.08943864 -0.0299387 0.28120065
-0.08931541 -0.03001629 0.28118557
-0.08939228 -0.03002685 0.28118658
-0.08929657 -0.03009837 0.28117874
-0.08938457 -0.03012462 0.28118786
-0.08929369 -0.03018145 0.28117642
-0.08935619 -0.03018884 0.28118828
-0.08921558 -0.03025267 0.28116879
-0.08927745 -0.03023935 0.28117847
-0.0892003 -0.03031779 0.2811875
-0.08927005 -0.03033539 0.28120121
-0.08923253 -0.03042456 0.28122938
-0.0892302 -0.03050743 0.28127146
-0.0892144 -0.0305907 0.28132087
-0.08926446 -0.03058842 0.28132251
-0.08573238 -0.03621611 0.28955752
-0.08574858 -0.03639659 0.28955099
-0.08572823 -0.03645987 0.28954989
-0.08573856 -0.03626249 0.28955469
-0.0892652 -0.03029339 0.28118768
-0.08932719 -0.03022803 0.28118587
-0.08925942 -0.03018875 0.28117406
-0.08932779 -0.03013792 0.2811794
-0.08927994 -0.03005506 0.28118271
-0.0894093 -0.03007647 0.28118917
-0.08935197 -0.03002149 0.28118521
-0.08930085 -0.02992946 0.28119159
-0.08941479 -0.02997236 0.28119189
-0.08935447 -0.02989625 0.28120074
-0.08930384 -0.02981651 0.2812244
-0.08902298 -0.02923327 0.27988738
-0.08899362 -0.02919558 0.27983132
-0.08897524 -0.02914332 0.27975702
-0.08893929 -0.02908738 0.27967471
-0.08889049 -0.0290547 0.27962142
-0.08708927 -0.02548582 0.27504888
-0.08703612 -0.02542942 0.27496836
-0.08701453 -0.02537963 0.27491572
-0.08699145 -0.02533127 0.27486047
-0.08694553 -0.02528576 0.2748031
-0.08691266 -0.02525071 0.27474928
-0.08687601 -0.02520961 0.2746934
-0.08715386 -0.0254487 0.27501789
-0.08712827 -0.02539299 0.27494812
-0.08792076 -0.02624767 0.2762289
-0.08786052 -0.02619455 0.27612847
-0.08784399 -0.02614747 0.27606821
-0.08783335 -0.02610189 0.27598953
-0.08799232 -0.02616607 0.27610764
-0.0842325 -0.02259821 0.27398753
-0.0842792 -0.02260158 0.2738924
-0.08906336 -0.02965533 0.28071228
-0.08908539 -0.02964382 0.2808511
-0.08913794 -0.0296413 0.2807487
-0.08914027 -0.02962738 0.28091118
-0.0891817 -0.02962884 0.28082126
-0.08918931 -0.02960958 0.28097525
-0.08955488 -0.03294982 0.28423154
-0.08951845 -0.03307895 0.2844654
-0.08955118 -0.03303937 0.28439116
-0.08958586 -0.03299424 0.28431442
-0.08956202 -0.03312176 0.28457522
-0.08958918 -0.03308133 0.28448758
-0.08963796 -0.0330455 0.28442776
-0.08939311 -0.03314147 0.28505057
-0.0896126 -0.03313944 0.28468442
-0.08943423 -0.03312073 0.28505495
-0.08953367 -0.03315587 0.28492942
-0.08959133 -0.03315432 0.28479695
-0.08959408 -0.03313765 0.28496873
-0.08917148 -0.02961982 0.28101379
-0.08813062 -0.02630713 0.27691504
-0.08805322 -0.02615396 0.277347
-0.08810991 -0.02636658 0.27671024
-0.08810189 -0.02615926 0.27727884
-0.08804628 -0.02616555 0.2773231
-0.08801628 -0.02616668 0.27733043
-0.08912652 -0.02964429 0.28079194
-0.08798853 -0.02637515 0.27666014
-0.08810747 -0.0262191 0.27718419
-0.08817469 -0.02624175 0.27709594
-0.08797426 -0.02638381 0.27659333
-0.08816388 -0.02627554 0.27701271
-0.08915725 -0.0296266 0.28089088
-0.0892178 -0.02961341 0.28086528
-0.08757202 -0.02587165 0.27562821
-0.08762081 -0.02592992 0.27570295
-0.08767316 -0.02596842 0.27576768
-0.08770675 -0.02601846 0.27583119
-0.08776424 -0.02607515 0.27591622
-0.08956414 -0.03310945 0.28454408
-0.08954656 -0.03313326 0.28461114
-0.08957447 -0.03316001 0.28484091
-0.08957873 -0.03315093 0.28492054
-0.0894437 -0.03315081 0.28496674
-0.0895159 -0.03312716 0.285027
-0.08939969 -0.03312877 0.28508365
-0.08941061 -0.0331279 0.28505576
-0.08926404 -0.03014386 0.28117573
-0.08735093 -0.02571082 0.27539283
-0.08749173 -0.0258042 0.2755374
-0.0878019 -0.02627046 0.27746651
-0.08790388 -0.02626354 0.27745122
-0.08782589 -0.0263895 0.27743253
-0.08935014 -0.02978132 0.28123304
-0.08941733 -0.02982624 0.28122762
-0.08931442 -0.02988848 0.28120422
-0.08939436 -0.02991184 0.28120008
-0.08929382 -0.02996574 0.28118736
-0.08935385 -0.02998692 0.28118467
-0.08934325 -0.0300671 0.28118327
-0.08904567 -0.03316883 0.28522098
-0.08914503 -0.03317918 0.28520289
-0.0889993 -0.03325176 0.28519291
-0.08898079 -0.03336299 0.28515545
-0.08901083 -0.03346379 0.28513226
-0.08907329 -0.03348193 0.28514007
-0.08903544 -0.03356597 0.28511924
-0.08912292 -0.0335837 0.28513515
-0.0879048 -0.02614989 0.27607805
-0.08788807 -0.02610337 0.27601057
-0.08787642 -0.02606191 0.27593824
-0.08919655 -0.02961021 0.28100726
-0.08715807 -0.02554168 0.27514184
-0.08720302 -0.02549174 0.27508548
-0.08722756 -0.02564568 0.27528679
-0.08723701 -0.02559347 0.27521655
-0.08725782 -0.02556009 0.27517912
-0.0873042 -0.02569794 0.2753602
-0.08728967 -0.02565787 0.27530357
-0.08732913 -0.02560601 0.27524498
-0.08908597 -0.03320255 0.28521419
-0.08902728 -0.03322041 0.28520682
-0.08906901 -0.03315483 0.28521577
-0.08899314 -0.03317701 0.28521436
-0.08782603 -0.02631399 0.27744585
-0.08791704 -0.02630647 0.2774539
-0.08779301 -0.02639075 0.27743208
-0.08788986 -0.02638643 0.27744082
-0.08613992 -0.03631727 0.2895315
-0.08804511 -0.02615413 0.27734864
-0.08807431 -0.02613766 0.27734572
-0.08963437 -0.0331324 0.28494784
-0.08953252 -0.03313053 0.28501818
-0.08947493 -0.03312158 0.28503978
-0.08959325 -0.03315463 0.28485411
-0.08949839 -0.03315866 0.28493401
-0.08942473 -0.03313928 0.28501168
-0.08816569 -0.0263118 0.27686971
-0.08812241 -0.02629379 0.27697355
-0.08819102 -0.02628131 0.27696523
-0.08813815 -0.02627136 0.27704751
-0.08819473 -0.02626099 0.27702925
-0.08813272 -0.02624443 0.27713421
-0.08814833 -0.02620033 0.27719405
-0.08571888 -0.03617794 0.28956005
-0.08774421 -0.02593876 0.27573782
-0.08772203 -0.02598626 0.27579251
-0.08781904 -0.02598524 0.27581301
-0.08772638 -0.02603606 0.27585259
-0.08777983 -0.02604111 0.27586487
-0.08786645 -0.02604192 0.27590463
-0.08778847 -0.02608723 0.27594218
-0.08778869 -0.02632429 0.27744946
-0.08786847 -0.02633693 0.27744082
-0.08783533 -0.02645228 0.27741659
-0.08804413 -0.02633615 0.27639368
-0.08800508 -0.02636691 0.27645421
-0.087959 -0.02639298 0.27654609
-0.08798961 -0.02637458 0.27663171
-0.0891568 -0.02963554 0.28075123
-0.08917552 -0.02962474 0.28087166
-0.08910218 -0.02963279 0.28091243
-0.08816923 -0.02636304 0.27671027
-0.08804505 -0.02631741 0.27636331
-0.08798288 -0.02636852 0.27641642
-0.08958299 -0.0331578 0.2848289
-0.08955985 -0.03313399 0.28499597
-0.08939283 -0.03315108 0.28500974
-0.08804307 -0.02636663 0.27668321
-0.0881473 -0.02637074 0.27667451
-0.08813582 -0.02632072 0.2768575
-0.08820233 -0.02634599 0.27674881
-0.08813615 -0.02628333 0.27700448
-0.08815574 -0.02622877 0.2771453
-0.08940353 -0.03315675 0.28496864
-0.08947602 -0.03315311 0.28495783
-0.08933839 -0.03316687 0.28514624
-0.08923575 -0.03315298 0.28509513
-0.08937425 -0.03318576 0.28522345
-0.08939338 -0.03313831 0.28514206
-0.08915044 -0.03314291 0.28515297
-0.08927844 -0.03317228 0.28517565
-0.08930836 -0.03315959 0.28505966
-0.08936589 -0.03315516 0.285041
-0.08920897 -0.03317877 0.28519207
-0.08719306 -0.02547038 0.27505788
-0.08717965 -0.02545322 0.27503318
-0.08920977 -0.02966017 0.28113443
-0.08925577 -0.02970583 0.28119737
-0.08921294 -0.02961915 0.28105772
-0.0878895 -0.02619658 0.2774075
-0.08784061 -0.02620626 0.27744654
-0.08788078 -0.02623299 0.27744633
-0.08818607 -0.02632379 0.27681944
