0.0004499564820434898 0.010496282950043678 0.289000004529953
-2.473043139161746e-07 0.010496282950043678 0.289000004529953
-0.0004520097572822124 0.010984363034367561 0.28999999165534973
-0.0009006548789329827 0.011396690271794796 0.289000004529953
-0.0013555329060181975 0.01143612526357174 0.28999999165534973
-0.0018072945531457663 0.011887886561453342 0.28999999165534973
-0.002259056083858013 0.012339647859334946 0.28999999165534973
-0.00271081761457026 0.012339647859334946 0.28999999165534973
-0.003162579145282507 0.012339647859334946 0.28999999165534973
-0.0036268041003495455 0.012382199056446552 0.29100000858306885
-0.004080123268067837 0.012835518456995487 0.29100000858306885
-0.004533442668616772 0.012835518456995487 0.29100000858306885
-0.004986762069165707 0.012382199056446552 0.29100000858306885
-0.005458775907754898 0.012879626825451851 0.2919999957084656
-0.005458775907754898 0.013334503397345543 0.2919999957084656
-0.005913653410971165 0.01378938090056181 0.2919999957084656
-0.006390340626239777 0.014293039217591286 0.2930000126361847
-0.0068467753008008 0.014749474823474884 0.2930000126361847
-0.007328135892748833 0.014799813739955425 0.2939999997615814
-0.007786128669977188 0.01434182096272707 0.2939999997615814
-0.008272162638604641 0.013931052759289742 0.29499998688697815
-0.008731713518500328 0.014390602707862854 0.29499998688697815
-0.009222420863807201 0.014439384452998638 0.29600000381469727
-0.009683528915047646 0.014439384452998638 0.29600000381469727
-0.009683528915047646 0.014439384452998638 0.29600000381469727
-0.009222420863807201 0.014439384452998638 0.29600000381469727
-0.008731713518500328 0.014390602707862854 0.29499998688697815
-0.008272162638604641 0.014390602707862854 0.29499998688697815
-0.007812612690031528 0.014850153587758541 0.29499998688697815
-0.007328135892748833 0.014799813739955425 0.2939999997615814
-0.0068467753008008 0.014749474823474884 0.2930000126361847
-0.006390340626239777 0.014749474823474884 0.2930000126361847
-0.005913653410971165 0.014244258403778076 0.2919999957084656
-0.005458775907754898 0.01378938090056181 0.2919999957084656
-0.005458775907754898 0.013334503397345543 0.2919999957084656
-0.004986762069165707 0.012835518456995487 0.29100000858306885
-0.004533442668616772 0.012835518456995487 0.29100000858306885
-0.004080123268067837 0.012835518456995487 0.29100000858306885
-0.0036268041003495455 0.012382199056446552 0.29100000858306885
-0.003162579145282507 0.012339647859334946 0.28999999165534973
-0.00271081761457026 0.012339647859334946 0.28999999165534973
-0.002259056083858013 0.012339647859334946 0.28999999165534973
-0.0018072945531457663 0.012339647859334946 0.28999999165534973
-0.0013555329060181975 0.011887886561453342 0.28999999165534973
-0.0009006548789329827 0.011396690271794796 0.289000004529953
-0.000450451101642102 0.011396690271794796 0.289000004529953
-2.473043139161746e-07 0.01094648614525795 0.289000004529953
0.0004499564820434898 0.010496282950043678 0.289000004529953
0.0168878436088562 -0.0007693147053942084 0.2930000126361847
0.016431408002972603 -0.0003128797106910497 0.2930000126361847
0.016431408002972603 0.0001435552694601938 0.2930000126361847
0.015920450910925865 0.0005979425041005015 0.2919999957084656
0.015465574339032173 0.0010528196580708027 0.2919999957084656
0.015010696835815907 0.0010528196580708027 0.2919999957084656
0.014555820263922215 0.0015076968120411038 0.2919999957084656
0.014100942760705948 0.0015076968120411038 0.2919999957084656
0.013646065257489681 0.0015076968120411038 0.2919999957084656
0.01319118868559599 0.001962573966011405 0.2919999957084656
0.01319118868559599 0.002417451236397028 0.2919999957084656
0.012692693620920181 0.0028624916449189186 0.29100000858306885
0.012239374220371246 0.0033158110454678535 0.29100000858306885
0.011745553463697433 0.0037561780773103237 0.28999999165534973
0.011254847049713135 0.004193429369479418 0.289000004529953
0.010804643854498863 0.004193429369479418 0.289000004529953
0.010354439727962017 0.004643633496016264 0.289000004529953
0.009904235601425171 0.004643633496016264 0.289000004529953
0.00942131970077753 0.005076211411505938 0.2879999876022339
0.008941518142819405 0.005058585666120052 0.28700000047683716
0.008494430221617222 0.005058585666120052 0.28700000047683716
0.008047341369092464 0.005505674052983522 0.28700000047683716
0.007600253447890282 0.005952761974185705 0.28700000047683716
0.007153165526688099 0.006399850361049175 0.28700000047683716
0.006706077139824629 0.006846938282251358 0.28700000047683716
0.006258989218622446 0.006846938282251358 0.28700000047683716
0.005811900831758976 0.007294026669114828 0.28700000047683716
0.005364812444895506 0.007294026669114828 0.28700000047683716
0.004934859462082386 0.007768087089061737 0.2879999876022339
0.0044862134382128716 0.007768087089061737 0.2879999876022339
0.004037567414343357 0.008216733112931252 0.2879999876022339
0.004037567414343357 0.008665379136800766 0.2879999876022339
0.004037567414343357 0.008665379136800766 0.2879999876022339
0.0044862134382128716 0.008216733112931252 0.2879999876022339
0.004934859462082386 0.007768087089061737 0.2879999876022339
0.005364812444895506 0.007294026669114828 0.28700000047683716
0.005811900831758976 0.007294026669114828 0.28700000047683716
0.006258989218622446 0.007294026669114828 0.28700000047683716
0.006706077139824629 0.006846938282251358 0.28700000047683716
0.007153165526688099 0.006846938282251358 0.28700000047683716
0.007600253447890282 0.006399850361049175 0.28700000047683716
0.008047341369092464 0.005952761974185705 0.28700000047683716
0.008494430221617222 0.005505674052983522 0.28700000047683716
0.008941518142819405 0.005058585666120052 0.28700000047683716
0.00942131970077753 0.005076211411505938 0.2879999876022339
0.009904235601425171 0.004643633496016264 0.289000004529953
0.010354439727962017 0.004643633496016264 0.289000004529953
0.010804643854498863 0.004643633496016264 0.289000004529953
0.011254847049713135 0.004193429369479418 0.289000004529953
0.011745553463697433 0.004207939840853214 0.28999999165534973
0.012197314761579037 0.0037561780773103237 0.28999999165534973
0.012692693620920181 0.0033158110454678535 0.29100000858306885
0.013146013021469116 0.0028624916449189186 0.29100000858306885
0.01319118868559599 0.002417451236397028 0.2919999957084656
0.013646065257489681 0.001962573966011405 0.2919999957084656
0.014100942760705948 0.0015076968120411038 0.2919999957084656
0.014555820263922215 0.0015076968120411038 0.2919999957084656
0.015010696835815907 0.0010528196580708027 0.2919999957084656
0.015465574339032173 0.0010528196580708027 0.2919999957084656
0.015920450910925865 0.0010528196580708027 0.2919999957084656
0.016375329345464706 0.0005979425041005015 0.2919999957084656
0.016431408002972603 0.0001435552694601938 0.2930000126361847
0.0168878436088562 -0.0003128797106910497 0.2930000126361847
0.0168878436088562 -0.0007693147053942084 0.2930000126361847
