-0.08446506 -0.03956712 0.29176944
-0.08449456 -0.03951596 0.29162675
-0.08449820 -0.03948032 0.29153222
-0.08452716 -0.03943256 0.29143092
-0.08453588 -0.03937313 0.29130894
-0.08452427 -0.03932494 0.29120439
-0.08454877 -0.03926885 0.29110777
-0.08451224 -0.03922971 0.29103476
-0.08465936 -0.03946291 0.29151461
-0.08463495 -0.03917024 0.29096583
-0.08464236 -0.03913102 0.29090080
-0.08462381 -0.03909431 0.29084244
-0.08470192 -0.03898574 0.29071966
-0.08480553 -0.03893388 0.29067084
-0.08488418 -0.03883829 0.29058123
-0.08498134 -0.03873781 0.29049274
-0.08543240 -0.03801515 0.29015255
-0.08555215 -0.03759198 0.28998369
-0.08787873 -0.03628756 0.28759471
-0.08801150 -0.03623953 0.28754506
-0.08800401 -0.03620656 0.28747350
-0.08799058 -0.03615669 0.28738421
-0.08810423 -0.03614376 0.28739592
-0.08811403 -0.03609808 0.28731772
-0.08838788 -0.03584066 0.28694960
-0.08840469 -0.03577266 0.28686175
-0.08847060 -0.03566822 0.28675693
-0.08851987 -0.03546262 0.28652507
-0.08860454 -0.03542954 0.28650463
-0.08859611 -0.03536484 0.28642491
-0.08869183 -0.03531388 0.28639230
-0.08867367 -0.03526923 0.28633276
-0.08875083 -0.03516892 0.28624296
-0.08880562 -0.03506788 0.28614953
-0.08888216 -0.03496369 0.28605220
-0.08885890 -0.03493338 0.28601485
-0.08892617 -0.03482952 0.28591526
-0.08891868 -0.03477224 0.28585148
-0.08899078 -0.03466940 0.28575134
-0.08906075 -0.03456994 0.28564227
-0.08964649 -0.03278616 0.28400224
-0.08963105 -0.03273161 0.28391701
-0.08964194 -0.03268597 0.28384960
-0.08961443 -0.03264137 0.28377220
-0.08974100 -0.03223366 0.28324965
-0.08961983 -0.03143799 0.28224364
-0.08960117 -0.03138345 0.28217781
-0.08958740 -0.03133453 0.28211254
-0.08948433 -0.03112456 0.28186858
-0.08946430 -0.03108359 0.28182045
-0.08941944 -0.03101772 0.28174344
-0.08938710 -0.03097140 0.28168660
-0.08937066 -0.03076279 0.28147343
-0.08389196 -0.03977176 0.29295182
-0.08390435 -0.03976586 0.29282865
-0.08409151 -0.03973106 0.29260057
-0.08399651 -0.03974617 0.29267886
-0.08390051 -0.03976182 0.29274496
-0.08435028 -0.03968589 0.29230440
-0.08422878 -0.03970521 0.29238036
-0.08411273 -0.03972656 0.29249245
-0.08400086 -0.03974143 0.29254484
-0.08449234 -0.03964468 0.29209378
-0.08438336 -0.03966746 0.29217282
-0.08426783 -0.03968565 0.29224938
-0.08418567 -0.03970291 0.29231244
-0.08405756 -0.03972417 0.29241195
-0.08441351 -0.03963929 0.29204401
-0.08429721 -0.03966306 0.29212272
-0.08420141 -0.03968291 0.29219109
-0.08443532 -0.03960713 0.29192153
-0.08432969 -0.03963176 0.29198802
-0.08443688 -0.03958473 0.29182619
-0.08435065 -0.03959930 0.29186130
-0.08462612 -0.03948717 0.29156724
-0.08456232 -0.03950569 0.29161102
-0.08443480 -0.03954050 0.29168138
-0.08438634 -0.03957055 0.29176271
-0.08781438 -0.03649797 0.28823730
-0.08457061 -0.03946648 0.29151127
-0.08442086 -0.03950228 0.29157180
-0.08786963 -0.03649246 0.28813246
-0.08777521 -0.03650551 0.28818083
-0.08768898 -0.03651399 0.28824767
-0.08571967 -0.03689293 0.28966936
-0.08570526 -0.03697756 0.28970319
-0.08568046 -0.03711443 0.28975689
-0.08567722 -0.03718311 0.28978387
-0.08567180 -0.03725039 0.28981006
-0.08452103 -0.03940323 0.29136866
-0.08786926 -0.03647528 0.28801057
-0.08777648 -0.03649466 0.28806108
-0.08767703 -0.03650657 0.28813428
-0.08550892 -0.03767074 0.29001373
-0.08787370 -0.03641916 0.28786990
-0.08529460 -0.03830278 0.29025877
-0.08526800 -0.03838034 0.29029861
-0.08454249 -0.03928673 0.29113844
-0.08784916 -0.03636998 0.28775868
-0.08519175 -0.03837267 0.29027149
-0.08515782 -0.03842112 0.29029280
-0.08515131 -0.03849736 0.29033381
-0.08510357 -0.03856760 0.29036680
-0.08506098 -0.03862855 0.29040727
-0.08467405 -0.03910375 0.29086706
-0.08461773 -0.03915543 0.29093453
-0.08452988 -0.03920079 0.29099262
-0.08806008 -0.03620061 0.28748414
-0.08798451 -0.03625477 0.28756642
-0.08791378 -0.03629292 0.28761259
-0.08784347 -0.03632818 0.28766558
-0.08478494 -0.03888611 0.29061767
-0.08474352 -0.03894379 0.29067406
-0.08467800 -0.03899401 0.29072747
-0.08463314 -0.03904754 0.29078573
-0.08827550 -0.03598386 0.28714550
-0.08821212 -0.03603439 0.28721973
-0.08814558 -0.03607934 0.28729105
-0.08808419 -0.03611337 0.28733486
-0.08802977 -0.03615957 0.28739789
-0.08796658 -0.03620144 0.28745702
-0.08842918 -0.03573501 0.28682631
-0.08839033 -0.03579753 0.28688768
-0.08834981 -0.03584883 0.28694782
-0.08828937 -0.03589292 0.28700322
-0.08824506 -0.03595167 0.28707767
-0.08851048 -0.03558445 0.28666675
-0.08843701 -0.03561502 0.28668696
-0.08840884 -0.03567206 0.28674874
-0.08836634 -0.03572726 0.28680038
-0.08884568 -0.03502489 0.28611413
-0.08881268 -0.03509651 0.28618386
-0.08876631 -0.03513088 0.28620693
-0.08872673 -0.03519698 0.28626719
-0.08870269 -0.03523582 0.28630376
-0.08865333 -0.03530437 0.28636482
-0.08861488 -0.03534972 0.28640974
-0.08854622 -0.03539407 0.28644991
-0.08845570 -0.03552271 0.28658092
-0.08895563 -0.03475910 0.28584412
-0.08891643 -0.03480037 0.28588340
-0.08910019 -0.03446508 0.28553885
-0.08906077 -0.03453351 0.28559875
-0.08899636 -0.03458710 0.28565177
-0.08903535 -0.03441025 0.28547847
-0.08900798 -0.03444366 0.28550300
-0.08959242 -0.03310208 0.28453559
-0.08900974 -0.03427034 0.28535813
-0.08962306 -0.03302193 0.28437588
-0.08958185 -0.03305838 0.28443593
-0.08958845 -0.03297130 0.28427240
-0.08962366 -0.03287853 0.28413433
-0.08955546 -0.03292050 0.28418505
-0.08964359 -0.03276777 0.28397441
-0.08957824 -0.03281562 0.28403339
-0.08965036 -0.03267826 0.28383902
-0.08961878 -0.03271283 0.28388503
-0.08974241 -0.03215681 0.28314900
-0.08974613 -0.03205258 0.28300512
-0.08969861 -0.03210723 0.28307796
-0.08972587 -0.03194768 0.28286847
-0.08973067 -0.03183240 0.28272530
-0.08967641 -0.03188077 0.28277534
-0.08968330 -0.03178059 0.28264493
-0.08967014 -0.03166362 0.28251624
-0.08963725 -0.03169500 0.28255197
-0.08963835 -0.03159995 0.28243411
-0.08962858 -0.03142811 0.28223237
-0.08960097 -0.03147999 0.28229672
-0.08961520 -0.03132450 0.28210846
-0.08958393 -0.03137277 0.28216058
-0.08943831 -0.03094591 0.28167117
-0.08935502 -0.03088002 0.28159133
-0.08933319 -0.03092944 0.28163356
-0.08933493 -0.03076525 0.28147194
-0.08930957 -0.03079909 0.28150314
-0.08926524 -0.03061913 0.28134537
-0.08925981 -0.03067057 0.28138113
-0.08960770 -0.03279082 0.28400204
-0.08956350 -0.03285602 0.28409001
-0.08961312 -0.03284316 0.28408048
-0.08964584 -0.03274551 0.28394172
-0.08957200 -0.03275115 0.28393501
-0.08958939 -0.03290072 0.28415933
-0.08961274 -0.03269032 0.28384948
-0.08960439 -0.03294367 0.28422946
-0.08966390 -0.03261638 0.28374916
-0.08954410 -0.03300912 0.28433254
-0.08963128 -0.03299376 0.28432319
-0.08959280 -0.03303703 0.28439698
-0.08961160 -0.03306776 0.28446335
-0.08962392 -0.03251524 0.28361389
-0.08962497 -0.03311073 0.28501984
-0.08953358 -0.03311975 0.28456476
-0.08956598 -0.03314125 0.28465739
-0.08963757 -0.03312521 0.28464371
-0.08957628 -0.03247659 0.28355396
-0.08371818 -0.03943440 0.29424283
-0.08362844 -0.03945180 0.29424661
-0.08376192 -0.03948179 0.29415235
-0.08367084 -0.03949890 0.29415748
-0.08380283 -0.03952545 0.29406241
-0.08371156 -0.03954273 0.29406783
-0.08361885 -0.03955698 0.29407179
-0.08375082 -0.03958288 0.29397643
-0.08365874 -0.03959848 0.29398149
-0.08378454 -0.03961737 0.29388696
-0.08369324 -0.03963432 0.29389217
-0.08359866 -0.03964703 0.29389742
-0.08372201 -0.03966413 0.29380473
-0.08362777 -0.03967740 0.29380983
-0.08365323 -0.03970227 0.29372266
-0.08367578 -0.03972463 0.29363599
-0.08369718 -0.03974467 0.29354948
-0.08371749 -0.03976285 0.29346293
-0.08373337 -0.03977586 0.29337743
-0.08363841 -0.03978390 0.29338238
-0.08374489 -0.03978309 0.29329348
-0.08375746 -0.03978976 0.29312709
-0.08376084 -0.03978995 0.29304519
-0.08383195 -0.03978015 0.29294625
-0.08392926 -0.03976420 0.29287708
-0.08385192 -0.03977473 0.29286999
-0.08395062 -0.03975694 0.29279232
-0.08385557 -0.03976889 0.29278007
-0.08394148 -0.03975446 0.29270312
-0.08403735 -0.03973910 0.29262397
-0.08396462 -0.03974925 0.29262325
-0.08411989 -0.03972760 0.29254559
-0.08406322 -0.03973467 0.29254028
-0.08412768 -0.03972108 0.29244196
-0.08403976 -0.03973091 0.29246604
-0.08412252 -0.03971486 0.29236415
-0.08413682 -0.03970559 0.29228893
-0.08418725 -0.03969350 0.29224509
-0.08448790 -0.03938615 0.29132530
-0.08448847 -0.03935456 0.29125687
-0.08453909 -0.03930417 0.29116881
-0.08457594 -0.03924020 0.29106775
-0.08450986 -0.03924843 0.29106575
-0.08464596 -0.03918231 0.29098889
-0.08458319 -0.03920444 0.29101029
-0.08460834 -0.03914341 0.29091141
-0.08453169 -0.03916804 0.29093778
-0.08469851 -0.03907989 0.29083994
-0.08956405 -0.03315438 0.28472975
-0.08963419 -0.03314005 0.28474057
-0.08489339 -0.03885618 0.29059777
-0.08500633 -0.03875170 0.29051006
-0.08493532 -0.03877508 0.29052684
-0.08728059 -0.03613937 0.28948030
-0.08718847 -0.03615626 0.28948390
-0.08709034 -0.03616409 0.28948686
-0.08697977 -0.03615745 0.28948978
-0.08684991 -0.03613778 0.28949076
-0.08732933 -0.03619337 0.28938985
-0.08723938 -0.03621331 0.28939369
-0.08714249 -0.03622428 0.28939778
-0.08703499 -0.03622069 0.28940091
-0.08690571 -0.03620309 0.28940257
-0.08681794 -0.03617452 0.28942549
-0.08728561 -0.03626453 0.28930375
-0.08719235 -0.03627901 0.28930700
-0.08708796 -0.03627967 0.28931096
-0.08697096 -0.03626332 0.28931504
-0.08686038 -0.03624802 0.28930736
-0.08732726 -0.03631068 0.28921399
-0.08723690 -0.03632750 0.28921652
-0.08713614 -0.03633290 0.28922084
-0.08701970 -0.03631968 0.28922665
-0.08690363 -0.03629732 0.28922918
-0.08736381 -0.03635060 0.28912500
-0.08727431 -0.03636916 0.28912815
-0.08717616 -0.03637675 0.28913200
-0.08706215 -0.03636932 0.28913757
-0.08692700 -0.03634710 0.28913903
-0.08730640 -0.03640397 0.28904036
-0.08720865 -0.03641187 0.28904438
-0.08709916 -0.03640839 0.28904971
-0.08696466 -0.03639459 0.28904352
-0.08742294 -0.03641726 0.28895220
-0.08733239 -0.03643316 0.28895444
-0.08723474 -0.03644063 0.28895834
-0.08712956 -0.03643863 0.28896362
-0.08744679 -0.03644391 0.28886634
-0.08735512 -0.03645919 0.28886911
-0.08725701 -0.03646605 0.28887331
-0.08746716 -0.03646648 0.28878051
-0.08737457 -0.03648087 0.28878397
-0.08748578 -0.03648594 0.28869528
-0.08739277 -0.03649912 0.28869885
-0.08750206 -0.03650155 0.28861028
-0.08740787 -0.03651292 0.28861400
-0.08751579 -0.03651297 0.28852496
-0.08742231 -0.03652330 0.28853047
-0.08751936 -0.03652154 0.28843215
-0.08743723 -0.03652840 0.28845328
-0.08763182 -0.03651383 0.28833401
-0.08755461 -0.03652007 0.28835765
-0.08775699 -0.03650459 0.28826004
-0.08763180 -0.03651654 0.28826678
-0.08755939 -0.03651783 0.28827676
-0.08784360 -0.03649461 0.28818095
-0.08771449 -0.03651021 0.28818676
-0.08763996 -0.03651103 0.28818861
-0.08965024 -0.03240516 0.28347319
-0.08782345 -0.03649684 0.28809589
-0.08773054 -0.03650066 0.28810030
-0.08930417 -0.03075533 0.28145942
-0.08789770 -0.03645020 0.28794524
-0.08931267 -0.03084993 0.28155351
-0.08936168 -0.03081667 0.28153247
-0.08787686 -0.03638231 0.28779289
-0.08935838 -0.03090905 0.28161755
-0.08941205 -0.03088625 0.28160954
-0.08790661 -0.03632805 0.28768906
-0.08781847 -0.03635020 0.28770441
-0.08968796 -0.03225927 0.28327489
-0.08938754 -0.03099657 0.28171340
-0.08795951 -0.03628311 0.28761497
-0.08787864 -0.03630544 0.28762695
-0.08793110 -0.03624981 0.28753585
-0.08939778 -0.03105694 0.28178635
-0.08947234 -0.03104024 0.28177765
-0.08807562 -0.03617335 0.28743589
-0.08799227 -0.03618287 0.28742844
-0.08793226 -0.03620843 0.28746510
-0.08943096 -0.03112805 0.28186622
-0.08951087 -0.03110561 0.28184882
-0.08811359 -0.03611686 0.28735405
-0.08806220 -0.03613271 0.28736210
-0.08809622 -0.03608023 0.28727517
-0.08805371 -0.03610422 0.28731123
-0.08938786 -0.03120953 0.28195855
-0.08946171 -0.03118373 0.28194463
-0.08825849 -0.03600257 0.28718013
-0.08816205 -0.03604049 0.28721115
-0.08825402 -0.03597747 0.28712186
-0.08942775 -0.03125921 0.28203037
-0.08830237 -0.03591245 0.28703490
-0.08840810 -0.03581660 0.28692162
-0.08831061 -0.03585320 0.28694862
-0.08951946 -0.03133723 0.28211221
-0.08957031 -0.03132863 0.28210422
-0.08835486 -0.03578802 0.28686768
-0.08953916 -0.03138480 0.28217316
-0.08961805 -0.03136202 0.28215364
-0.08844185 -0.03569993 0.28678751
-0.08848457 -0.03562394 0.28671047
-0.08840390 -0.03564484 0.28671703
-0.08957335 -0.03145708 0.28226358
-0.08849623 -0.03555401 0.28662547
-0.08854124 -0.03548450 0.28655800
-0.08847487 -0.03549526 0.28655472
-0.08961347 -0.03151017 0.28233412
-0.08861164 -0.03540907 0.28647751
-0.08851638 -0.03542586 0.28648484
-0.08870336 -0.03529291 0.28637215
-0.08865083 -0.03533255 0.28639752
-0.08958891 -0.03159085 0.28241572
-0.08963391 -0.03157149 0.28240272
-0.08874965 -0.03522443 0.28630960
-0.08865869 -0.03523378 0.28629440
-0.08962414 -0.03164187 0.28248146
-0.08870891 -0.03515895 0.28622401
-0.08882312 -0.03505237 0.28613737
-0.08876483 -0.03508620 0.28616104
-0.08968075 -0.03170371 0.28256598
-0.08885265 -0.03497170 0.28605407
-0.08889741 -0.03489199 0.28597963
-0.08964589 -0.03178689 0.28265032
-0.08971997 -0.03176572 0.28264129
-0.08966646 -0.03184583 0.28273234
-0.08956266 -0.03316057 0.28482100
-0.08970719 -0.03189667 0.28280112
-0.08901515 -0.03460861 0.28568122
-0.08909788 -0.03450293 0.28557450
-0.08901310 -0.03452123 0.28557944
-0.08968066 -0.03197184 0.28288922
-0.08905186 -0.03445378 0.28551808
-0.08901557 -0.03437642 0.28544691
-0.08972848 -0.03201939 0.28295723
-0.08975984 -0.03207671 0.28304166
-0.08972833 -0.03233428 0.28338295
-0.08966361 -0.03233951 0.28337952
-0.08955305 -0.03316132 0.28486606
-0.08963557 -0.03314198 0.28488830
-0.08970108 -0.03213466 0.28311425
-0.08946523 -0.03314036 0.28499186
-0.08975188 -0.03219492 0.28320011
-0.08951014 -0.03314207 0.28498566
-0.08898407 -0.03429242 0.28536841
-0.08901450 -0.03431823 0.28539640
-0.08900840 -0.03441374 0.28547823
-0.08905624 -0.03449693 0.28555918
-0.08900591 -0.03455978 0.28562185
-0.08898318 -0.03464167 0.28571761
-0.08895603 -0.03471624 0.28579819
-0.08888624 -0.03484472 0.28592473
-0.08893716 -0.03485491 0.28594756
-0.08890755 -0.03493454 0.28602874
-0.08887170 -0.03499274 0.28608248
-0.08877745 -0.03504558 0.28612334
-0.08868414 -0.03519686 0.28625882
-0.08876836 -0.03519341 0.28627998
-0.08864076 -0.03525493 0.28631225
-0.08861227 -0.03531908 0.28637412
-0.08859672 -0.03538992 0.28645200
-0.08855739 -0.03544703 0.28651389
-0.08850609 -0.03551251 0.28658256
-0.08847398 -0.03558872 0.28665975
-0.08843911 -0.03564556 0.28672495
-0.08839929 -0.03570357 0.28678223
-0.08836515 -0.03576157 0.28683802
-0.08834159 -0.03582267 0.28691009
-0.08830250 -0.03587396 0.28697604
-0.08826956 -0.03592676 0.28704932
-0.08821765 -0.03597986 0.28711411
-0.08818490 -0.03601345 0.28716505
-0.08813638 -0.03606166 0.28724855
-0.08809391 -0.03610656 0.28732568
-0.08806642 -0.03615335 0.28739598
-0.08802842 -0.03618893 0.28744721
-0.08790986 -0.03622574 0.28749207
-0.08797195 -0.03622947 0.28750893
-0.08787875 -0.03626645 0.28755587
-0.08792900 -0.03627416 0.28758156
-0.08791282 -0.03631005 0.28764772
-0.08785553 -0.03635062 0.28771839
-0.08757753 -0.03651257 0.28821495
-0.08749419 -0.03651889 0.28827187
-0.08746760 -0.03652680 0.28834191
-0.08679058 -0.03620337 0.28936702
-0.08563997 -0.03712727 0.28975621
-0.08565744 -0.03729417 0.28982964
-0.08553619 -0.03738422 0.28986964
-0.08559838 -0.03741227 0.28990129
-0.08542816 -0.03792200 0.29011086
-0.08537290 -0.03803432 0.29014960
-0.08535298 -0.03818661 0.29020819
-0.08522020 -0.03841964 0.29030830
-0.08509611 -0.03852132 0.29033515
-0.08508456 -0.03860306 0.29039010
-0.08498925 -0.03866652 0.29043317
-0.08494635 -0.03873578 0.29048738
-0.08493058 -0.03881251 0.29056469
-0.08482013 -0.03885743 0.29059088
-0.08487882 -0.03887036 0.29061165
-0.08475324 -0.03890854 0.29063922
-0.08472316 -0.03896561 0.29069540
-0.08468799 -0.03902112 0.29076147
-0.08466066 -0.03907760 0.29082733
-0.08455178 -0.03912398 0.29087234
-0.08459889 -0.03912599 0.29088351
-0.08458554 -0.03917703 0.29096484
-0.08454404 -0.03922643 0.29103649
-0.08449695 -0.03927542 0.29111007
-0.08449078 -0.03930803 0.29116493
-0.08934510 -0.03073391 0.28144354
-0.08935583 -0.03078808 0.28150040
-0.08938096 -0.03085040 0.28157037
-0.08938877 -0.03093026 0.28164503
-0.08943567 -0.03098104 0.28170651
-0.08944431 -0.03103197 0.28176358
-0.08947057 -0.03110891 0.28184482
-0.08947528 -0.03114862 0.28190234
-0.08956213 -0.03130501 0.28208140
-0.08957639 -0.03135298 0.28213465
-0.08960146 -0.03141700 0.28221843
-0.08918562 -0.03047309 0.28124696
-0.08916064 -0.03057035 0.28130421
-0.08919646 -0.03064492 0.28135425
-0.08923604 -0.03070863 0.28140661
-0.08925397 -0.03077441 0.28147110
-0.08937089 -0.03110745 0.28183851
-0.08940730 -0.03117079 0.28191447
-0.08945321 -0.03122380 0.28198880
-0.08946095 -0.03129639 0.28207019
-0.08954560 -0.03149804 0.28230584
-0.08958223 -0.03155721 0.28238028
-0.08961405 -0.03167341 0.28252119
-0.08963492 -0.03172222 0.28258455
-0.08966810 -0.03175132 0.28261498
-0.08970120 -0.03180724 0.28268445
-0.08972958 -0.03185826 0.28275898
-0.08974111 -0.03191363 0.28283155
-0.08975916 -0.03197199 0.28290600
-0.08966794 -0.03200750 0.28293252
-0.08969628 -0.03204840 0.28299081
-0.08972918 -0.03208489 0.28304943
-0.08974557 -0.03212127 0.28310215
-0.08967360 -0.03216231 0.28314659
-0.08970618 -0.03219792 0.28319564
-0.08969831 -0.03222880 0.28323463
-0.08966100 -0.03230768 0.28333798
-0.08967977 -0.03236694 0.28342131
-0.08958822 -0.03238845 0.28344446
-0.08961572 -0.03243994 0.28351584
-0.08964264 -0.03248161 0.28357235
-0.08956342 -0.03251474 0.28360158
-0.08958846 -0.03255924 0.28366560
-0.08961225 -0.03260703 0.28372791
-0.08964378 -0.03265847 0.28380421
-0.08958029 -0.03272318 0.28389376
-0.08960789 -0.03276342 0.28396061
-0.08964680 -0.03280760 0.28403413
-0.08956933 -0.03287970 0.28412631
-0.08961913 -0.03291144 0.28418264
-0.08955311 -0.03298460 0.28429011
-0.08958989 -0.03301432 0.28435344
-0.08950803 -0.03303340 0.28436822
-0.08954445 -0.03306444 0.28443941
-0.08956222 -0.03309393 0.28450754
-0.08959802 -0.03311926 0.28458759
-0.08963937 -0.03313140 0.28466976
-0.08901132 -0.03447926 0.28553534
-0.08882759 -0.03499202 0.28607163
-0.08863638 -0.03532094 0.28637698
-0.08857084 -0.03541519 0.28647470
-0.08850473 -0.03548507 0.28654945
-0.08844116 -0.03556914 0.28662926
-0.08568691 -0.03677993 0.28961006
-0.08567383 -0.03690277 0.28966486
-0.08568890 -0.03701340 0.28971380
-0.08560411 -0.03720399 0.28978026
-0.08560106 -0.03728766 0.28981993
-0.08559851 -0.03735839 0.28986824
-0.08552358 -0.03743849 0.28989765
-0.08552878 -0.03752008 0.28994092
-0.08552646 -0.03762858 0.28999639
-0.08544619 -0.03778823 0.29005787
-0.08546069 -0.03790777 0.29011258
-0.08537432 -0.03796097 0.29012153
-0.08536493 -0.03810021 0.29017565
-0.08540020 -0.03815835 0.29020765
-0.08528358 -0.03824662 0.29022643
-0.08529072 -0.03833479 0.29027757
-0.08522829 -0.03832198 0.29025266
-0.08520573 -0.03839780 0.29029104
-0.08513486 -0.03854619 0.29035959
-0.08500990 -0.03859799 0.29037824
-0.08505010 -0.03865978 0.29043484
-0.08497988 -0.03870774 0.29046541
-0.08498327 -0.03876469 0.29052019
-0.08488271 -0.03873336 0.29048318
-0.08488064 -0.03879502 0.29053935
-0.08490721 -0.03885936 0.29060537
-0.08481096 -0.03882179 0.29055673
-0.08483544 -0.03889722 0.29063356
-0.08472401 -0.03892188 0.29065078
-0.08476805 -0.03897807 0.29071701
-0.08465838 -0.03900446 0.29073846
-0.08469217 -0.03905206 0.29080185
-0.08460168 -0.03907672 0.29081517
-0.08456724 -0.03914937 0.29091355
-0.08901165 -0.03439901 0.28546628
-0.08897044 -0.03425042 0.28533345
-0.08898570 -0.03410497 0.28522789
-0.08894512 -0.03417645 0.28526789
-0.08898473 -0.03392489 0.28514317
-0.08505293 -0.03856271 0.29035532
-0.08500898 -0.03863662 0.29041034
-0.08493647 -0.03869322 0.29044852
-0.08568587 -0.03708487 0.28974432
-0.08569977 -0.03690848 0.28967217
-0.08564541 -0.03700006 0.28970104
-0.08561151 -0.03705392 0.28972140
-0.08938060 -0.03074396 0.28145432
-0.08567671 -0.03680895 0.28961778
-0.08928439 -0.03071879 0.28142306
-0.08569196 -0.03659445 0.28956142
-0.08926359 -0.03055597 0.28130347
-0.08923167 -0.03063167 0.28134954
-0.08573613 -0.03635041 0.28954709
-0.08927507 -0.03038600 0.28121901
-0.08918690 -0.03053519 0.28128314
-0.08931839 -0.03019603 0.28117985
-0.08923288 -0.03028107 0.28117725
-0.08920777 -0.03037162 0.28120610
-0.08567089 -0.03685054 0.28964031
-0.08899444 -0.03420436 0.28530332
-0.08894244 -0.03413175 0.28523526
-0.08898789 -0.03404917 0.28519672
-0.08904148 -0.03393514 0.28516072
-0.08896174 -0.03398066 0.28516206
-0.08907634 -0.03382777 0.28514189
-0.08898310 -0.03386089 0.28512940
-0.08910200 -0.03372693 0.28513277
-0.08902042 -0.03376555 0.28511912
-0.08909003 -0.03363098 0.28512681
-0.08901032 -0.03368293 0.28511411
-0.08908141 -0.03355451 0.28512824
-0.08898515 -0.03360347 0.28511456
-0.08903619 -0.03351013 0.28512633
-0.08896747 -0.03351543 0.28512263
-0.08902763 -0.03341573 0.28514782
-0.08925407 -0.03318602 0.28522587
-0.08905156 -0.03327840 0.28519189
-0.08897939 -0.03330207 0.28517440
-0.08910565 -0.03315732 0.28520307
-0.08903959 -0.03318962 0.28521827
-0.08899047 -0.03322014 0.28520221
-0.08903529 -0.03314623 0.28521609
-0.08894614 -0.03313467 0.28521702
-0.08572272 -0.03630508 0.28954756
-0.08575740 -0.03636857 0.28954938
-0.08569335 -0.03651805 0.28954783
-0.08568043 -0.03667109 0.28958139
-0.08566710 -0.03703827 0.28972098
-0.08571116 -0.03693037 0.28968373
-0.08931372 -0.02974356 0.28122756
-0.08940071 -0.02978126 0.28123721
-0.08946154 -0.02979972 0.28123936
-0.08937028 -0.02984790 0.28121784
-0.08945254 -0.02988432 0.28121722
-0.08934511 -0.02993586 0.28119007
-0.08943864 -0.02993870 0.28120065
-0.08931541 -0.03001629 0.28118557
-0.08939228 -0.03002685 0.28118658
-0.08929657 -0.03009837 0.28117874
-0.08938457 -0.03012462 0.28118786
-0.08929369 -0.03018145 0.28117642
-0.08935619 -0.03018884 0.28118828
-0.08921558 -0.03025267 0.28116879
-0.08927745 -0.03023935 0.28117847
-0.08920030 -0.03031779 0.28118750
-0.08927005 -0.03033539 0.28120121
-0.08923253 -0.03042456 0.28122938
-0.08923020 -0.03050743 0.28127146
-0.08921440 -0.03059070 0.28132087
-0.08926446 -0.03058842 0.28132251
-0.08573238 -0.03621611 0.28955752
-0.08574858 -0.03639659 0.28955099
-0.08572823 -0.03645987 0.28954989
-0.08573856 -0.03626249 0.28955469
-0.08926520 -0.03029339 0.28118768
-0.08932719 -0.03022803 0.28118587
-0.08925942 -0.03018875 0.28117406
-0.08932779 -0.03013792 0.28117940
-0.08927994 -0.03005506 0.28118271
-0.08940930 -0.03007647 0.28118917
-0.08935197 -0.03002149 0.28118521
-0.08930085 -0.02992946 0.28119159
-0.08941479 -0.02997236 0.28119189
-0.08935447 -0.02989625 0.28120074
-0.08930384 -0.02981651 0.28122440
-0.08955488 -0.03294982 0.28423154
-0.08951845 -0.03307895 0.28446540
-0.08955118 -0.03303937 0.28439116
-0.08958586 -0.03299424 0.28431442
-0.08956202 -0.03312176 0.28457522
-0.08958918 -0.03308133 0.28448758
-0.08963796 -0.03304550 0.28442776
-0.08939311 -0.03314147 0.28505057
-0.08961260 -0.03313944 0.28468442
-0.08943423 -0.03312073 0.28505495
-0.08953367 -0.03315587 0.28492942
-0.08959133 -0.03315432 0.28479695
-0.08959408 -0.03313765 0.28496873
-0.08956414 -0.03310945 0.28454408
-0.08954656 -0.03313326 0.28461114
-0.08957447 -0.03316001 0.28484091
-0.08957873 -0.03315093 0.28492054
-0.08944370 -0.03315081 0.28496674
-0.08951590 -0.03312716 0.28502700
-0.08939969 -0.03312877 0.28508365
-0.08941061 -0.03312790 0.28505576
-0.08926404 -0.03014386 0.28117573
-0.08935014 -0.02978132 0.28123304
-0.08941733 -0.02982624 0.28122762
-0.08931442 -0.02988848 0.28120422
-0.08939436 -0.02991184 0.28120008
-0.08929382 -0.02996574 0.28118736
-0.08935385 -0.02998692 0.28118467
-0.08934325 -0.03006710 0.28118327
-0.08904567 -0.03316883 0.28522098
-0.08914503 -0.03317918 0.28520289
-0.08899930 -0.03325176 0.28519291
-0.08898079 -0.03336299 0.28515545
-0.08901083 -0.03346379 0.28513226
-0.08907329 -0.03348193 0.28514007
-0.08903544 -0.03356597 0.28511924
-0.08912292 -0.03358370 0.28513515
-0.08908597 -0.03320255 0.28521419
-0.08902728 -0.03322041 0.28520682
-0.08906901 -0.03315483 0.28521577
-0.08899314 -0.03317701 0.28521436
-0.08613992 -0.03631727 0.28953150
-0.08963437 -0.03313240 0.28494784
-0.08953252 -0.03313053 0.28501818
-0.08947493 -0.03312158 0.28503978
-0.08959325 -0.03315463 0.28485411
-0.08949839 -0.03315866 0.28493401
-0.08942473 -0.03313928 0.28501168
-0.08571888 -0.03617794 0.28956005
-0.08958299 -0.03315780 0.28482890
-0.08955985 -0.03313399 0.28499597
-0.08939283 -0.03315108 0.28500974
-0.08940353 -0.03315675 0.28496864
-0.08947602 -0.03315311 0.28495783
-0.08933839 -0.03316687 0.28514624
-0.08923575 -0.03315298 0.28509513
-0.08937425 -0.03318576 0.28522345
-0.08939338 -0.03313831 0.28514206
-0.08915044 -0.03314291 0.28515297
-0.08927844 -0.03317228 0.28517565
-0.08930836 -0.03315959 0.28505966
-0.08936589 -0.03315516 0.28504100
-0.08920897 -0.03317877 0.28519207
-0.08925577 -0.02970583 0.28119737
