0.01688784 -0.00076931 0.29300001
0.01643141 -0.00031288 0.29300001
0.01643141 0.00014356 0.29300001
0.01592045 0.00059794 0.29200000
0.01546557 0.00105282 0.29200000
0.01501070 0.00105282 0.29200000
0.01455582 0.00150770 0.29200000
0.01410094 0.00150770 0.29200000
0.01364607 0.00150770 0.29200000
0.01319119 0.00196257 0.29200000
0.01319119 0.00241745 0.29200000
0.01269269 0.00286249 0.29100001
0.01223937 0.00331581 0.29100001
0.01174555 0.00375618 0.28999999
0.01125485 0.00419343 0.28900000
0.01080464 0.00419343 0.28900000
0.01035444 0.00464363 0.28900000
0.00990424 0.00464363 0.28900000
0.00942132 0.00507621 0.28799999
0.00894152 0.00505859 0.28700000
0.00849443 0.00505859 0.28700000
0.00804734 0.00550567 0.28700000
0.00760025 0.00595276 0.28700000
0.00715317 0.00639985 0.28700000
0.00670608 0.00684694 0.28700000
0.00625899 0.00684694 0.28700000
0.00581190 0.00729403 0.28700000
0.00536481 0.00729403 0.28700000
0.00536481 0.00729403 0.28700000
0.00581190 0.00729403 0.28700000
0.00625899 0.00729403 0.28700000
0.00670608 0.00684694 0.28700000
0.00715317 0.00684694 0.28700000
0.00760025 0.00639985 0.28700000
0.00804734 0.00595276 0.28700000
0.00849443 0.00550567 0.28700000
0.00894152 0.00505859 0.28700000
0.00942132 0.00507621 0.28799999
0.00990424 0.00464363 0.28900000
0.01035444 0.00464363 0.28900000
0.01080464 0.00464363 0.28900000
0.01125485 0.00419343 0.28900000
0.01174555 0.00420794 0.28999999
0.01219731 0.00375618 0.28999999
0.01269269 0.00331581 0.29100001
0.01314601 0.00286249 0.29100001
0.01319119 0.00241745 0.29200000
0.01364607 0.00196257 0.29200000
0.01410094 0.00150770 0.29200000
0.01455582 0.00150770 0.29200000
0.01501070 0.00105282 0.29200000
0.01546557 0.00105282 0.29200000
0.01592045 0.00105282 0.29200000
0.01637533 0.00059794 0.29200000
0.01643141 0.00014356 0.29300001
0.01688784 -0.00031288 0.29300001
0.01688784 -0.00076931 0.29300001
