0.00044996 0.01049628 0.28900000
-0.00000025 0.01049628 0.28900000
-0.00045201 0.01098436 0.28999999
-0.00090065 0.01139669 0.28900000
-0.00135553 0.01143613 0.28999999
-0.00180729 0.01188789 0.28999999
-0.00225906 0.01233965 0.28999999
-0.00271082 0.01233965 0.28999999
-0.00316258 0.01233965 0.28999999
-0.00362680 0.01238220 0.29100001
-0.00408012 0.01283552 0.29100001
-0.00453344 0.01283552 0.29100001
-0.00498676 0.01238220 0.29100001
-0.00545878 0.01287963 0.29200000
-0.00545878 0.01333450 0.29200000
-0.00591365 0.01378938 0.29200000
-0.00639034 0.01429304 0.29300001
-0.00684678 0.01474947 0.29300001
-0.00732814 0.01479981 0.29400000
-0.00778613 0.01434182 0.29400000
-0.00827216 0.01393105 0.29499999
-0.00873171 0.01439060 0.29499999
-0.00922242 0.01443938 0.29600000
-0.00968353 0.01443938 0.29600000
-0.00968353 0.01443938 0.29600000
-0.00922242 0.01443938 0.29600000
-0.00873171 0.01439060 0.29499999
-0.00827216 0.01439060 0.29499999
-0.00781261 0.01485015 0.29499999
-0.00732814 0.01479981 0.29400000
-0.00684678 0.01474947 0.29300001
-0.00639034 0.01474947 0.29300001
-0.00591365 0.01424426 0.29200000
-0.00545878 0.01378938 0.29200000
-0.00545878 0.01333450 0.29200000
-0.00498676 0.01283552 0.29100001
-0.00453344 0.01283552 0.29100001
-0.00408012 0.01283552 0.29100001
-0.00362680 0.01238220 0.29100001
-0.00316258 0.01233965 0.28999999
-0.00271082 0.01233965 0.28999999
-0.00225906 0.01233965 0.28999999
-0.00180729 0.01233965 0.28999999
-0.00135553 0.01188789 0.28999999
-0.00090065 0.01139669 0.28900000
-0.00045045 0.01139669 0.28900000
-0.00000025 0.01094649 0.28900000
0.00044996 0.01049628 0.28900000
0.00493486 0.00776809 0.28799999
0.00448621 0.00776809 0.28799999
0.00403757 0.00821673 0.28799999
0.00403757 0.00866538 0.28799999
0.00403757 0.00866538 0.28799999
0.00448621 0.00821673 0.28799999
0.00493486 0.00776809 0.28799999
